cpu  8532 3389 7416 166821 1453 751 441 0 0 0
cpu0 1762 1039 1556 18539 314 257 74 0 0 0
cpu1 1775 1009 1497 18699 282 169 85 0 0 0
cpu2 1077 461 1170 20339 92 179 110 0 0 0
cpu3 1140 519 1164 20318 50 99 113 0 0 0
cpu4 357 19 427 22815 108 8 11 0 0 0
cpu5 1045 131 554 21735 250 15 18 0 0 0
cpu6 865 171 653 21754 239 13 17 0 0 0
cpu7 507 36 391 22619 114 8 9 0 0 0
intr 1015912 0 0 0 0 182257 0 8666 0 8418 0 0 0 0 201 6409 0 1 0 2 0 2 0 2 0 2 3 0 0 2 1 0 0 1944 1416 0 209 0 0 0 0 0 0 0 0 0 0 0 0 0 1 0 0 0 0 70 0 2 0 0 0 7 0 0 0 0 0 0 0 0 0 0 0 0 0 0 0 0 0 0 0 0 0 0 0 0 0 0 22 0 0 0 0 0 0 0 0 0 0 0 0 0 0 0 0 0 0 0 64974 19465 186 0 0 167 0 0 0 0 0 0 0 11 11 0 5 0 5 0 0 0 0 0 0 0 0 0 0 5 0 5 0 0 0 0 0 0 0 0 0 0 0 0 0 0 0 0 0 0 0 0 0 0 7 288 6 2507 6741 548 0 0 0 0 0 949 985 9805 0 0 0 0 0 0 0 0 0 0 0 0 0 0 0 0 0 0 0 0 0 0 0 0 0 0 0 0 0 0 0 0 0 0 0 0 2 0 0 0 2 0 45 0 10 0 0 0 0 0 0 0 0 0 0 0 0 0 0 0 0 0 0 0 0 0 0 0 0 0 0 0 0 0 0 0 0 0 0 0 0 0 0 0 0 0 0 0 0 0 0 0 0 0 0 0 0 0 0 0 0 0 0 0 0 0 0 0 0 0 0 0 0 0 0 0 0 0 0 0 9 0 1 0 2 0 0 0 2 0 0 0 0 0 0 0 0 0 0 0 0 0 0 0 0 0 0 0 0 0 0 0 0 0 0 0 0 0 0 0 0 0 0 0 0 0 0 0 0 0 0 0 0 0 0 0 0 0 0 0 0 0 0 0 0 0 0 0 0 0 0 0 0 0 0 0 0 0 0 0 0 0 0 0 0 0 0 0 0 0 0 0 0 0 0 0 0 0 0 0 0 0 0 0 0 0 0 6 4 17 3 0 0 0 0 0 0 0 0 0 0 0 0 0 0 0 0 0 0 0 0 0 0 0 0 0 0 0 0 0 0 0 0 0 0 0 0 0 0 0 0 0 0 0 0 0 0 0 0 0 0 0 0 0 0 0 0 0 0 0 0 0 0 0 0 0 0 0 0 0 0 0 0 0 0 0 0 0 0 0 0 0 0 15 4319 173 786 0 417 3299 31 0 4485 1199 198 0 0 0 234 0 1 0 0 2498 0 0 0 0 0 0 0 0 0 0 0 0 0 1 0 1 0 0 1 0 1 0 1 0 1 0 1 0 1 0 0 5 442 3102 0 0 0 2 0 0 0 0 0 0 0 0 0 0 0 0 2 0 0 0 0 0 0 0 16 0 0 0 0 0 0 0 0 0 2 0 0 2 0 0 0 3 0 25 0 0 0 307 1671 8157 0 0 0 0 0 0 0 1 0 0 0 0 0 0 0 0 0 0 0 0 0 0 0 0 0 0 0 0 0 0 0 0 3238 0 0
ctxt 1696108
btime 1652754283
processes 7338
procs_running 1
procs_blocked 0
softirq 330176 19646 101106 136 4467 66975 0 17151 61625 0 59070
