cpu  8556 3392 7440 166935 1455 752 441 0 0 0
cpu0 1766 1042 1558 18550 315 258 74 0 0 0
cpu1 1777 1009 1501 18712 282 169 85 0 0 0
cpu2 1079 461 1175 20353 92 179 110 0 0 0
cpu3 1142 519 1166 20334 50 99 114 0 0 0
cpu4 360 19 428 22832 108 8 11 0 0 0
cpu5 1049 131 557 21749 251 15 18 0 0 0
cpu6 870 171 655 21768 239 13 17 0 0 0
cpu7 510 36 395 22634 114 8 9 0 0 0
intr 1018819 0 0 0 0 182691 0 8672 0 8452 0 0 0 0 201 6409 0 1 0 2 0 2 0 2 0 2 3 0 0 2 1 0 0 1954 1427 0 209 0 0 0 0 0 0 0 0 0 0 0 0 0 1 0 0 0 0 70 0 2 0 0 0 7 0 0 0 0 0 0 0 0 0 0 0 0 0 0 0 0 0 0 0 0 0 0 0 0 0 0 22 0 0 0 0 0 0 0 0 0 0 0 0 0 0 0 0 0 0 0 64985 19581 186 0 0 169 0 0 0 0 0 0 0 11 11 0 5 0 5 0 0 0 0 0 0 0 0 0 0 5 0 5 0 0 0 0 0 0 0 0 0 0 0 0 0 0 0 0 0 0 0 0 0 0 7 288 6 2513 6749 548 0 0 0 0 0 949 988 9822 0 0 0 0 0 0 0 0 0 0 0 0 0 0 0 0 0 0 0 0 0 0 0 0 0 0 0 0 0 0 0 0 0 0 0 0 2 0 0 0 2 0 45 0 10 0 0 0 0 0 0 0 0 0 0 0 0 0 0 0 0 0 0 0 0 0 0 0 0 0 0 0 0 0 0 0 0 0 0 0 0 0 0 0 0 0 0 0 0 0 0 0 0 0 0 0 0 0 0 0 0 0 0 0 0 0 0 0 0 0 0 0 0 0 0 0 0 0 0 0 9 0 1 0 2 0 0 0 2 0 0 0 0 0 0 0 0 0 0 0 0 0 0 0 0 0 0 0 0 0 0 0 0 0 0 0 0 0 0 0 0 0 0 0 0 0 0 0 0 0 0 0 0 0 0 0 0 0 0 0 0 0 0 0 0 0 0 0 0 0 0 0 0 0 0 0 0 0 0 0 0 0 0 0 0 0 0 0 0 0 0 0 0 0 0 0 0 0 0 0 0 0 0 0 0 0 0 6 4 17 3 0 0 0 0 0 0 0 0 0 0 0 0 0 0 0 0 0 0 0 0 0 0 0 0 0 0 0 0 0 0 0 0 0 0 0 0 0 0 0 0 0 0 0 0 0 0 0 0 0 0 0 0 0 0 0 0 0 0 0 0 0 0 0 0 0 0 0 0 0 0 0 0 0 0 0 0 0 0 0 0 0 0 15 4319 173 786 0 417 3299 31 0 4485 1222 198 0 0 0 234 0 1 0 0 2518 0 0 0 0 0 0 0 0 0 0 0 0 0 1 0 1 0 0 1 0 1 0 1 0 1 0 1 0 1 0 0 5 445 3107 0 0 0 2 0 0 0 0 0 0 0 0 0 0 0 0 2 0 0 0 0 0 0 0 16 0 0 0 0 0 0 0 0 0 2 0 0 2 0 0 0 3 0 25 0 0 0 307 1676 8160 0 0 0 0 0 0 0 1 0 0 0 0 0 0 0 0 0 0 0 0 0 0 0 0 0 0 0 0 0 0 0 0 3238 0 0
ctxt 1704283
btime 1652754283
processes 7390
procs_running 5
procs_blocked 0
softirq 330840 19762 101295 136 4476 66980 0 17176 61784 0 59231
