   1       0 ram0 0 0 0 0 0 0 0 0 0 0 0
   1       1 ram1 0 0 0 0 0 0 0 0 0 0 0
   1       2 ram2 0 0 0 0 0 0 0 0 0 0 0
   1       3 ram3 0 0 0 0 0 0 0 0 0 0 0
   1       4 ram4 0 0 0 0 0 0 0 0 0 0 0
   1       5 ram5 0 0 0 0 0 0 0 0 0 0 0
   1       6 ram6 0 0 0 0 0 0 0 0 0 0 0
   1       7 ram7 0 0 0 0 0 0 0 0 0 0 0
   1       8 ram8 0 0 0 0 0 0 0 0 0 0 0
   1       9 ram9 0 0 0 0 0 0 0 0 0 0 0
   1      10 ram10 0 0 0 0 0 0 0 0 0 0 0
   1      11 ram11 0 0 0 0 0 0 0 0 0 0 0
   1      12 ram12 0 0 0 0 0 0 0 0 0 0 0
   1      13 ram13 0 0 0 0 0 0 0 0 0 0 0
   1      14 ram14 0 0 0 0 0 0 0 0 0 0 0
   1      15 ram15 0 0 0 0 0 0 0 0 0 0 0
   7       0 loop0 86 3 8616 67 0 0 0 0 0 7 14
   7       1 loop1 12 1 304 4 0 0 0 0 0 0 0
   7       2 loop2 988 18 116184 2120 0 0 0 0 0 474 774
   7       3 loop3 339 27 32168 1097 0 0 0 0 0 197 294
   7       4 loop4 8 0 88 0 0 0 0 0 0 0 0
   7       5 loop5 116 1 10488 470 0 0 0 0 0 47 67
   7       6 loop6 31 1 3152 24 0 0 0 0 0 0 0
   7       7 loop7 31 0 1432 30 0 0 0 0 0 0 0
   7       8 loop8 78 0 9904 60 0 0 0 0 0 17 17
   7       9 loop9 0 0 0 0 2 0 16 0 0 0 0
   7      10 loop10 0 0 0 0 0 0 0 0 0 0 0
   7      11 loop11 0 0 0 0 0 0 0 0 0 0 0
   7      12 loop12 0 0 0 0 0 0 0 0 0 0 0
   7      13 loop13 0 0 0 0 0 0 0 0 0 0 0
   7      14 loop14 0 0 0 0 0 0 0 0 0 0 0
   7      15 loop15 0 0 0 0 0 0 0 0 0 0 0
 254       0 zram0 72 0 576 0 790 0 6320 0 0 0 0
   8       0 sda 54500 1428 4352200 74094 73181 48341 4304944 727310 0 160277 800994
   8       1 sda1 0 0 0 0 0 0 0 0 0 0 0
   8       2 sda2 24 0 232 10 5 12 136 4 0 14 14
   8       3 sda3 0 0 0 0 0 0 0 0 0 0 0
   8       4 sda4 0 0 0 0 0 0 0 0 0 0 0
   8       5 sda5 0 0 0 0 0 0 0 0 0 0 0
   8       6 sda6 0 0 0 0 0 0 0 0 0 0 0
   8       7 sda7 0 0 0 0 0 0 0 0 0 0 0
   8       8 sda8 0 0 0 0 0 0 0 0 0 0 0
   8       9 sda9 0 0 0 0 0 0 0 0 0 0 0
   8      10 sda10 0 0 0 0 0 0 0 0 0 0 0
   8      11 sda11 10 0 104 7 3 0 24 0 0 7 7
   8      12 sda12 2 0 136 0 0 0 0 0 0 0 0
   8      13 sda13 0 0 0 0 0 0 0 0 0 0 0
   8      14 sda14 7315 303 758104 8710 5 0 128 24 0 3550 8720
   8      15 sda15 47144 1125 3593584 65364 70885 48329 4304656 725890 0 156667 790847
   8      32 sdc 4 0 32 4 0 0 0 0 0 4 4
   8      33 sdc1 0 0 0 0 0 0 0 0 0 0 0
   8      34 sdc2 0 0 0 0 0 0 0 0 0 0 0
   8      16 sdb 4 0 32 4 0 0 0 0 0 4 4
   8      17 sdb1 0 0 0 0 0 0 0 0 0 0 0
   8      18 sdb2 0 0 0 0 0 0 0 0 0 0 0
   8      48 sdd 5 0 40 4 0 0 0 0 0 4 4
   8      49 sdd1 0 0 0 0 0 0 0 0 0 0 0
   8      50 sdd2 0 0 0 0 0 0 0 0 0 0 0
   8      51 sdd3 0 0 0 0 0 0 0 0 0 0 0
   8      64 sde 6 0 168 4 0 0 0 0 0 4 4
   8      65 sde1 0 0 0 0 0 0 0 0 0 0 0
   8      66 sde2 0 0 0 0 0 0 0 0 0 0 0
   8      67 sde3 0 0 0 0 0 0 0 0 0 0 0
   8      68 sde4 0 0 0 0 0 0 0 0 0 0 0
   8      69 sde5 0 0 0 0 0 0 0 0 0 0 0
   8      70 sde6 0 0 0 0 0 0 0 0 0 0 0
   8      71 sde7 0 0 0 0 0 0 0 0 0 0 0
   8      72 sde8 0 0 0 0 0 0 0 0 0 0 0
   8      73 sde9 0 0 0 0 0 0 0 0 0 0 0
   8      74 sde10 1 0 128 0 0 0 0 0 0 0 0
   8      75 sde11 0 0 0 0 0 0 0 0 0 0 0
   8      76 sde12 0 0 0 0 0 0 0 0 0 0 0
   8      77 sde13 0 0 0 0 0 0 0 0 0 0 0
   8      78 sde14 0 0 0 0 0 0 0 0 0 0 0
   8      79 sde15 0 0 0 0 0 0 0 0 0 0 0
 259       0 sde16 0 0 0 0 0 0 0 0 0 0 0
 259       1 sde17 0 0 0 0 0 0 0 0 0 0 0
 259       2 sde18 0 0 0 0 0 0 0 0 0 0 0
 259       3 sde19 0 0 0 0 0 0 0 0 0 0 0
 259       4 sde20 0 0 0 0 0 0 0 0 0 0 0
 259       5 sde21 0 0 0 0 0 0 0 0 0 0 0
 259       6 sde22 0 0 0 0 0 0 0 0 0 0 0
 259       7 sde23 0 0 0 0 0 0 0 0 0 0 0
 259       8 sde24 0 0 0 0 0 0 0 0 0 0 0
 259       9 sde25 0 0 0 0 0 0 0 0 0 0 0
 259      10 sde26 0 0 0 0 0 0 0 0 0 0 0
 259      11 sde27 0 0 0 0 0 0 0 0 0 0 0
 259      12 sde28 0 0 0 0 0 0 0 0 0 0 0
 259      13 sde29 0 0 0 0 0 0 0 0 0 0 0
 259      14 sde30 0 0 0 0 0 0 0 0 0 0 0
 259      15 sde31 0 0 0 0 0 0 0 0 0 0 0
 259      16 sde32 0 0 0 0 0 0 0 0 0 0 0
 259      17 sde33 0 0 0 0 0 0 0 0 0 0 0
 259      18 sde34 0 0 0 0 0 0 0 0 0 0 0
 259      19 sde35 0 0 0 0 0 0 0 0 0 0 0
 259      20 sde36 0 0 0 0 0 0 0 0 0 0 0
 259      21 sde37 0 0 0 0 0 0 0 0 0 0 0
 259      22 sde38 0 0 0 0 0 0 0 0 0 0 0
 259      23 sde39 0 0 0 0 0 0 0 0 0 0 0
 259      24 sde40 0 0 0 0 0 0 0 0 0 0 0
 259      25 sde41 0 0 0 0 0 0 0 0 0 0 0
   8      80 sdf 4 0 32 4 10 1016 8192 87 0 34 90
   8      81 sdf1 0 0 0 0 0 0 0 0 0 0 0
   8      82 sdf2 0 0 0 0 4 508 4096 14 0 7 14
   8      83 sdf3 0 0 0 0 4 508 4096 74 0 24 74
   8      84 sdf4 0 0 0 0 0 0 0 0 0 0 0
   8      85 sdf5 0 0 0 0 0 0 0 0 0 0 0
 253       0 dm-0 15065 0 1800400 48750 0 0 0 0 0 6080 48754
 253       1 dm-1 0 0 0 0 0 0 0 0 0 0 0
 253       2 dm-2 3323 0 659536 23970 0 0 0 0 0 1957 23974
 253       3 dm-3 1888 0 560448 6977 0 0 0 0 0 1057 6980
 253       4 dm-4 212 0 48392 167 5 0 128 24 0 104 190
 253       5 dm-5 60464 0 4418160 88627 118653 0 4316080 2829474 0 161074 2918244
