cpu  54129 30717 108161 28710834 13585 24678 16454 0 0 0
cpu0 19560 8627 30595 3538442 2127 8575 5395 0 0 0
cpu1 19356 9098 28401 3541230 2080 8767 4686 0 0 0
cpu2 6475 2670 21942 3570111 3090 3700 3431 0 0 0
cpu3 5514 2605 23837 3568063 5167 3351 2615 0 0 0
cpu4 317 1738 516 3624535 270 23 35 0 0 0
cpu5 1323 1492 1010 3623021 349 78 86 0 0 0
cpu6 1131 1561 1094 3622860 283 137 143 0 0 0
cpu7 448 2922 764 3622569 216 44 60 0 0 0
intr 14193996 0 0 0 0 5699731 0 691540 0 4348 0 0 0 0 203 6409 0 1 0 2 0 2 0 2 0 2 3 0 0 2 1 0 0 12814 5058 0 1887 0 0 0 0 0 0 0 0 0 0 0 0 0 14 0 0 0 0 32015 0 2 0 0 0 7 0 0 0 0 0 0 0 0 0 0 0 0 0 0 0 0 0 0 0 0 0 0 0 0 0 0 55 0 0 0 0 0 0 0 0 0 0 0 0 0 0 0 0 0 0 0 161164 360057 48 0 0 141 0 0 0 0 0 0 0 11 11 0 5 0 5 0 0 0 0 0 0 0 0 0 0 5 0 5 0 0 0 0 0 0 0 0 0 0 0 0 0 0 0 0 0 0 0 0 0 0 7 360 6 8963 50152 3136 0 0 0 0 0 4560 2968 63473 0 0 0 0 0 0 0 0 0 0 0 0 0 0 0 0 0 0 0 0 0 0 0 0 0 0 0 0 0 0 0 0 0 0 0 0 2 0 0 0 112 0 45 0 7 0 0 0 0 0 0 0 0 0 0 0 0 0 0 0 0 0 0 0 0 0 0 0 0 0 0 0 0 0 0 0 0 0 0 0 0 0 0 0 0 0 0 0 0 0 0 0 0 0 0 0 0 0 0 0 0 0 0 0 0 0 0 0 0 0 0 0 0 0 0 0 0 0 0 0 12 0 1 0 2 0 0 0 6 0 0 0 0 0 0 0 0 0 0 0 0 0 0 0 0 0 0 0 0 0 0 0 0 0 0 0 0 0 0 0 0 0 0 0 0 0 0 0 0 0 0 0 0 0 0 0 0 0 0 0 0 0 0 0 0 0 0 0 0 0 0 0 0 0 0 0 0 0 0 0 0 0 0 0 0 0 0 0 0 0 0 0 0 0 0 0 0 0 0 0 0 0 0 0 0 0 0 6 4 21 4 0 0 0 0 0 0 0 0 0 0 0 0 0 0 0 0 0 0 0 0 0 0 0 0 0 0 0 0 0 0 0 0 0 0 0 0 0 0 0 0 0 0 0 0 0 0 0 0 0 0 0 0 0 0 0 0 0 0 0 0 0 0 0 0 0 0 0 0 0 0 0 0 0 0 0 0 0 0 0 0 0 0 15 632074 276 786 0 1621 3308 23 0 8020 1137 205 0 0 0 31 0 1 0 0 836 0 0 0 0 0 0 0 0 0 0 0 0 0 1 0 1 0 0 1 0 1 0 1 0 1 0 1 0 1 0 0 8 379 355 0 0 0 16 0 0 0 0 0 0 0 0 0 0 0 0 2 0 0 0 0 0 0 0 8 0 0 0 0 0 0 0 0 0 2 0 0 2 0 0 0 555 0 2782 0 0 0 295 610 6263 0 0 0 0 0 0 0 3 0 0 0 0 0 0 0 0 0 0 0 0 0 0 0 0 0 0 0 0 0 0 0 0 7668 0 0
ctxt 18365200
btime 1641919163
processes 20310
procs_running 1
procs_blocked 0
softirq 6264585 358743 3753764 16377 16605 136646 0 116748 1147259 0 718443
