cpu  54135 30717 108171 28710941 13587 24679 16454 0 0 0
cpu0 19560 8627 30596 3538455 2128 8575 5395 0 0 0
cpu1 19356 9098 28402 3541245 2080 8767 4686 0 0 0
cpu2 6475 2670 21942 3570125 3090 3700 3431 0 0 0
cpu3 5515 2605 23837 3568078 5167 3351 2615 0 0 0
cpu4 317 1738 516 3624550 270 23 35 0 0 0
cpu5 1323 1492 1010 3623037 349 78 86 0 0 0
cpu6 1131 1561 1094 3622876 283 137 143 0 0 0
cpu7 453 2922 773 3622572 216 44 60 0 0 0
intr 14194454 0 0 0 0 5699854 0 691545 0 4348 0 0 0 0 203 6409 0 1 0 2 0 2 0 2 0 2 3 0 0 2 1 0 0 12817 5060 0 1887 0 0 0 0 0 0 0 0 0 0 0 0 0 14 0 0 0 0 32015 0 2 0 0 0 7 0 0 0 0 0 0 0 0 0 0 0 0 0 0 0 0 0 0 0 0 0 0 0 0 0 0 55 0 0 0 0 0 0 0 0 0 0 0 0 0 0 0 0 0 0 0 161169 360080 48 0 0 141 0 0 0 0 0 0 0 11 11 0 5 0 5 0 0 0 0 0 0 0 0 0 0 5 0 5 0 0 0 0 0 0 0 0 0 0 0 0 0 0 0 0 0 0 0 0 0 0 7 360 6 8963 50163 3136 0 0 0 0 0 4560 2968 63476 0 0 0 0 0 0 0 0 0 0 0 0 0 0 0 0 0 0 0 0 0 0 0 0 0 0 0 0 0 0 0 0 0 0 0 0 2 0 0 0 113 0 45 0 7 0 0 0 0 0 0 0 0 0 0 0 0 0 0 0 0 0 0 0 0 0 0 0 0 0 0 0 0 0 0 0 0 0 0 0 0 0 0 0 0 0 0 0 0 0 0 0 0 0 0 0 0 0 0 0 0 0 0 0 0 0 0 0 0 0 0 0 0 0 0 0 0 0 0 0 12 0 1 0 2 0 0 0 6 0 0 0 0 0 0 0 0 0 0 0 0 0 0 0 0 0 0 0 0 0 0 0 0 0 0 0 0 0 0 0 0 0 0 0 0 0 0 0 0 0 0 0 0 0 0 0 0 0 0 0 0 0 0 0 0 0 0 0 0 0 0 0 0 0 0 0 0 0 0 0 0 0 0 0 0 0 0 0 0 0 0 0 0 0 0 0 0 0 0 0 0 0 0 0 0 0 0 6 4 21 4 0 0 0 0 0 0 0 0 0 0 0 0 0 0 0 0 0 0 0 0 0 0 0 0 0 0 0 0 0 0 0 0 0 0 0 0 0 0 0 0 0 0 0 0 0 0 0 0 0 0 0 0 0 0 0 0 0 0 0 0 0 0 0 0 0 0 0 0 0 0 0 0 0 0 0 0 0 0 0 0 0 0 15 632074 276 786 0 1621 3308 23 0 8020 1137 205 0 0 0 31 0 1 0 0 836 0 0 0 0 0 0 0 0 0 0 0 0 0 1 0 1 0 0 1 0 1 0 1 0 1 0 1 0 1 0 0 8 379 358 0 0 0 16 0 0 0 0 0 0 0 0 0 0 0 0 2 0 0 0 0 0 0 0 8 0 0 0 0 0 0 0 0 0 2 0 0 2 0 0 0 555 0 2782 0 0 0 295 610 6264 0 0 0 0 0 0 0 3 0 0 0 0 0 0 0 0 0 0 0 0 0 0 0 0 0 0 0 0 0 0 0 0 7668 0 0
ctxt 18365611
btime 1641919163
processes 20314
procs_running 1
procs_blocked 0
softirq 6264825 358766 3753838 16377 16605 136651 0 116763 1147332 0 718493
