cpu  8034 3300 6787 131987 1437 647 403 0 0 0
cpu0 1553 1008 1350 14534 309 217 63 0 0 0
cpu1 1598 982 1285 14681 276 130 74 0 0 0
cpu2 1038 444 1066 16027 91 169 104 0 0 0
cpu3 1094 508 1079 16011 48 85 104 0 0 0
cpu4 350 19 423 18263 108 7 11 0 0 0
cpu5 1033 130 544 17200 249 14 18 0 0 0
cpu6 863 170 650 17199 239 13 17 0 0 0
cpu7 502 36 385 18067 114 7 9 0 0 0
intr 926289 0 0 0 0 150997 0 5027 0 8068 0 0 0 0 201 6409 0 1 0 2 0 2 0 2 0 2 3 0 0 2 1 0 0 1796 1351 0 199 0 0 0 0 0 0 0 0 0 0 0 0 0 1 0 0 0 0 66 0 2 0 0 0 7 0 0 0 0 0 0 0 0 0 0 0 0 0 0 0 0 0 0 0 0 0 0 0 0 0 0 22 0 0 0 0 0 0 0 0 0 0 0 0 0 0 0 0 0 0 0 64800 17798 177 0 0 164 0 0 0 0 0 0 0 11 11 0 5 0 5 0 0 0 0 0 0 0 0 0 0 5 0 5 0 0 0 0 0 0 0 0 0 0 0 0 0 0 0 0 0 0 0 0 0 0 7 288 6 2437 6073 500 0 0 0 0 0 922 952 9395 0 0 0 0 0 0 0 0 0 0 0 0 0 0 0 0 0 0 0 0 0 0 0 0 0 0 0 0 0 0 0 0 0 0 0 0 2 0 0 0 2 0 45 0 10 0 0 0 0 0 0 0 0 0 0 0 0 0 0 0 0 0 0 0 0 0 0 0 0 0 0 0 0 0 0 0 0 0 0 0 0 0 0 0 0 0 0 0 0 0 0 0 0 0 0 0 0 0 0 0 0 0 0 0 0 0 0 0 0 0 0 0 0 0 0 0 0 0 0 0 9 0 1 0 2 0 0 0 2 0 0 0 0 0 0 0 0 0 0 0 0 0 0 0 0 0 0 0 0 0 0 0 0 0 0 0 0 0 0 0 0 0 0 0 0 0 0 0 0 0 0 0 0 0 0 0 0 0 0 0 0 0 0 0 0 0 0 0 0 0 0 0 0 0 0 0 0 0 0 0 0 0 0 0 0 0 0 0 0 0 0 0 0 0 0 0 0 0 0 0 0 0 0 0 0 0 0 6 4 17 3 0 0 0 0 0 0 0 0 0 0 0 0 0 0 0 0 0 0 0 0 0 0 0 0 0 0 0 0 0 0 0 0 0 0 0 0 0 0 0 0 0 0 0 0 0 0 0 0 0 0 0 0 0 0 0 0 0 0 0 0 0 0 0 0 0 0 0 0 0 0 0 0 0 0 0 0 0 0 0 0 0 0 15 4157 173 786 0 417 3299 31 0 4485 1160 198 0 0 0 116 0 1 0 0 2278 0 0 0 0 0 0 0 0 0 0 0 0 0 1 0 1 0 0 1 0 1 0 1 0 1 0 1 0 1 0 0 5 420 2330 0 0 0 2 0 0 0 0 0 0 0 0 0 0 0 0 2 0 0 0 0 0 0 0 16 0 0 0 0 0 0 0 0 0 2 0 0 2 0 0 0 2 0 21 0 0 0 304 1495 7630 0 0 0 0 0 0 0 1 0 0 0 0 0 0 0 0 0 0 0 0 0 0 0 0 0 0 0 0 0 0 0 0 3226 0 0
ctxt 1555361
btime 1652754283
processes 7309
procs_running 2
procs_blocked 0
softirq 305502 17970 87012 114 4337 66867 0 16026 56854 0 56322
