cpu  8029 3300 6780 131960 1437 646 403 0 0 0
cpu0 1553 1008 1350 14530 309 217 63 0 0 0
cpu1 1597 981 1285 14678 276 130 74 0 0 0
cpu2 1037 444 1066 16024 91 169 104 0 0 0
cpu3 1094 508 1078 16007 48 85 104 0 0 0
cpu4 350 19 422 18259 108 7 11 0 0 0
cpu5 1032 130 543 17197 248 14 18 0 0 0
cpu6 861 170 650 17196 239 13 17 0 0 0
cpu7 502 36 383 18065 114 7 9 0 0 0
intr 925732 0 0 0 0 150889 0 5026 0 8058 0 0 0 0 201 6409 0 1 0 2 0 2 0 2 0 2 3 0 0 2 1 0 0 1794 1349 0 199 0 0 0 0 0 0 0 0 0 0 0 0 0 1 0 0 0 0 66 0 2 0 0 0 7 0 0 0 0 0 0 0 0 0 0 0 0 0 0 0 0 0 0 0 0 0 0 0 0 0 0 22 0 0 0 0 0 0 0 0 0 0 0 0 0 0 0 0 0 0 0 64796 17780 177 0 0 164 0 0 0 0 0 0 0 11 11 0 5 0 5 0 0 0 0 0 0 0 0 0 0 5 0 5 0 0 0 0 0 0 0 0 0 0 0 0 0 0 0 0 0 0 0 0 0 0 7 288 6 2437 6073 500 0 0 0 0 0 922 952 9395 0 0 0 0 0 0 0 0 0 0 0 0 0 0 0 0 0 0 0 0 0 0 0 0 0 0 0 0 0 0 0 0 0 0 0 0 2 0 0 0 2 0 45 0 10 0 0 0 0 0 0 0 0 0 0 0 0 0 0 0 0 0 0 0 0 0 0 0 0 0 0 0 0 0 0 0 0 0 0 0 0 0 0 0 0 0 0 0 0 0 0 0 0 0 0 0 0 0 0 0 0 0 0 0 0 0 0 0 0 0 0 0 0 0 0 0 0 0 0 0 9 0 1 0 2 0 0 0 2 0 0 0 0 0 0 0 0 0 0 0 0 0 0 0 0 0 0 0 0 0 0 0 0 0 0 0 0 0 0 0 0 0 0 0 0 0 0 0 0 0 0 0 0 0 0 0 0 0 0 0 0 0 0 0 0 0 0 0 0 0 0 0 0 0 0 0 0 0 0 0 0 0 0 0 0 0 0 0 0 0 0 0 0 0 0 0 0 0 0 0 0 0 0 0 0 0 0 6 4 17 3 0 0 0 0 0 0 0 0 0 0 0 0 0 0 0 0 0 0 0 0 0 0 0 0 0 0 0 0 0 0 0 0 0 0 0 0 0 0 0 0 0 0 0 0 0 0 0 0 0 0 0 0 0 0 0 0 0 0 0 0 0 0 0 0 0 0 0 0 0 0 0 0 0 0 0 0 0 0 0 0 0 0 15 4157 173 786 0 417 3299 31 0 4485 1160 198 0 0 0 116 0 1 0 0 2276 0 0 0 0 0 0 0 0 0 0 0 0 0 1 0 1 0 0 1 0 1 0 1 0 1 0 1 0 1 0 0 5 420 2325 0 0 0 2 0 0 0 0 0 0 0 0 0 0 0 0 2 0 0 0 0 0 0 0 16 0 0 0 0 0 0 0 0 0 2 0 0 2 0 0 0 2 0 21 0 0 0 304 1493 7628 0 0 0 0 0 0 0 1 0 0 0 0 0 0 0 0 0 0 0 0 0 0 0 0 0 0 0 0 0 0 0 0 3226 0 0
ctxt 1554259
btime 1652754283
processes 7299
procs_running 2
procs_blocked 0
softirq 305326 17952 86958 114 4337 66863 0 16026 56800 0 56276
