   1       0 ram0 0 0 0 0 0 0 0 0 0 0 0
   1       1 ram1 0 0 0 0 0 0 0 0 0 0 0
   1       2 ram2 0 0 0 0 0 0 0 0 0 0 0
   1       3 ram3 0 0 0 0 0 0 0 0 0 0 0
   1       4 ram4 0 0 0 0 0 0 0 0 0 0 0
   1       5 ram5 0 0 0 0 0 0 0 0 0 0 0
   1       6 ram6 0 0 0 0 0 0 0 0 0 0 0
   1       7 ram7 0 0 0 0 0 0 0 0 0 0 0
   1       8 ram8 0 0 0 0 0 0 0 0 0 0 0
   1       9 ram9 0 0 0 0 0 0 0 0 0 0 0
   1      10 ram10 0 0 0 0 0 0 0 0 0 0 0
   1      11 ram11 0 0 0 0 0 0 0 0 0 0 0
   1      12 ram12 0 0 0 0 0 0 0 0 0 0 0
   1      13 ram13 0 0 0 0 0 0 0 0 0 0 0
   1      14 ram14 0 0 0 0 0 0 0 0 0 0 0
   1      15 ram15 0 0 0 0 0 0 0 0 0 0 0
   7       0 loop0 88 4 8592 64 0 0 0 0 0 17 17
   7       1 loop1 13 0 304 4 0 0 0 0 0 0 0
   7       2 loop2 752 14 102168 1377 0 0 0 0 0 314 414
   7       3 loop3 339 27 32168 1084 0 0 0 0 0 180 270
   7       4 loop4 8 0 88 7 0 0 0 0 0 0 0
   7       5 loop5 110 1 10424 477 0 0 0 0 0 57 70
   7       6 loop6 30 0 3152 20 0 0 0 0 0 0 0
   7       7 loop7 30 1 1432 27 0 0 0 0 0 7 7
   7       8 loop8 81 0 10176 57 0 0 0 0 0 7 7
   7       9 loop9 0 0 0 0 0 0 0 0 0 0 0
   7      10 loop10 0 0 0 0 0 0 0 0 0 0 0
   7      11 loop11 0 0 0 0 0 0 0 0 0 0 0
   7      12 loop12 0 0 0 0 0 0 0 0 0 0 0
   7      13 loop13 0 0 0 0 0 0 0 0 0 0 0
   7      14 loop14 0 0 0 0 0 0 0 0 0 0 0
   7      15 loop15 0 0 0 0 0 0 0 0 0 0 0
 254       0 zram0 1112 0 8896 4 31026 0 248208 284 0 287 287
   8      32 sdc 4 0 32 4 0 0 0 0 0 4 4
   8      33 sdc1 0 0 0 0 0 0 0 0 0 0 0
   8      34 sdc2 0 0 0 0 0 0 0 0 0 0 0
   8       0 sda 50755 959 4067344 91940 7961 1171 471480 34794 1 22567 126560
   8       1 sda1 0 0 0 0 0 0 0 0 0 0 0
   8       2 sda2 24 0 232 0 5 12 136 57 0 17 57
   8       3 sda3 0 0 0 0 0 0 0 0 0 0 0
   8       4 sda4 0 0 0 0 0 0 0 0 0 0 0
   8       5 sda5 0 0 0 0 0 0 0 0 0 0 0
   8       6 sda6 0 0 0 0 0 0 0 0 0 0 0
   8       7 sda7 0 0 0 0 0 0 0 0 0 0 0
   8       8 sda8 0 0 0 0 0 0 0 0 0 0 0
   8       9 sda9 0 0 0 0 0 0 0 0 0 0 0
   8      10 sda10 0 0 0 0 0 0 0 0 0 0 0
   8      11 sda11 10 0 104 0 1 0 8 4 0 4 4
   8      12 sda12 2 0 136 0 0 0 0 0 0 0 0
   8      13 sda13 0 0 0 0 0 0 0 0 0 0 0
   8      14 sda14 5877 337 843112 9324 5 0 136 47 0 5050 9360
   8      15 sda15 44838 622 3223728 82614 7354 1158 471184 34150 1 20894 116604
   8      16 sdb 12 0 96 7 2 2 32 7 0 14 14
   8      17 sdb1 0 0 0 0 0 0 0 0 0 0 0
   8      18 sdb2 0 0 0 0 0 0 0 0 0 0 0
   8      48 sdd 5 0 40 4 0 0 0 0 0 4 4
   8      49 sdd1 0 0 0 0 0 0 0 0 0 0 0
   8      50 sdd2 0 0 0 0 0 0 0 0 0 0 0
   8      51 sdd3 0 0 0 0 0 0 0 0 0 0 0
   8      64 sde 6 0 168 0 0 0 0 0 0 0 0
   8      65 sde1 0 0 0 0 0 0 0 0 0 0 0
   8      66 sde2 0 0 0 0 0 0 0 0 0 0 0
   8      67 sde3 0 0 0 0 0 0 0 0 0 0 0
   8      68 sde4 0 0 0 0 0 0 0 0 0 0 0
   8      69 sde5 0 0 0 0 0 0 0 0 0 0 0
   8      70 sde6 0 0 0 0 0 0 0 0 0 0 0
   8      71 sde7 0 0 0 0 0 0 0 0 0 0 0
   8      72 sde8 0 0 0 0 0 0 0 0 0 0 0
   8      73 sde9 0 0 0 0 0 0 0 0 0 0 0
   8      74 sde10 1 0 128 0 0 0 0 0 0 0 0
   8      75 sde11 0 0 0 0 0 0 0 0 0 0 0
   8      76 sde12 0 0 0 0 0 0 0 0 0 0 0
   8      77 sde13 0 0 0 0 0 0 0 0 0 0 0
   8      78 sde14 0 0 0 0 0 0 0 0 0 0 0
   8      79 sde15 0 0 0 0 0 0 0 0 0 0 0
 259       0 sde16 0 0 0 0 0 0 0 0 0 0 0
 259       1 sde17 0 0 0 0 0 0 0 0 0 0 0
 259       2 sde18 0 0 0 0 0 0 0 0 0 0 0
 259       3 sde19 0 0 0 0 0 0 0 0 0 0 0
 259       4 sde20 0 0 0 0 0 0 0 0 0 0 0
 259       5 sde21 0 0 0 0 0 0 0 0 0 0 0
 259       6 sde22 0 0 0 0 0 0 0 0 0 0 0
 259       7 sde23 0 0 0 0 0 0 0 0 0 0 0
 259       8 sde24 0 0 0 0 0 0 0 0 0 0 0
 259       9 sde25 0 0 0 0 0 0 0 0 0 0 0
 259      10 sde26 0 0 0 0 0 0 0 0 0 0 0
 259      11 sde27 0 0 0 0 0 0 0 0 0 0 0
 259      12 sde28 0 0 0 0 0 0 0 0 0 0 0
 259      13 sde29 0 0 0 0 0 0 0 0 0 0 0
 259      14 sde30 0 0 0 0 0 0 0 0 0 0 0
 259      15 sde31 0 0 0 0 0 0 0 0 0 0 0
 259      16 sde32 0 0 0 0 0 0 0 0 0 0 0
 259      17 sde33 0 0 0 0 0 0 0 0 0 0 0
 259      18 sde34 0 0 0 0 0 0 0 0 0 0 0
 259      19 sde35 0 0 0 0 0 0 0 0 0 0 0
 259      20 sde36 0 0 0 0 0 0 0 0 0 0 0
 259      21 sde37 0 0 0 0 0 0 0 0 0 0 0
 259      22 sde38 0 0 0 0 0 0 0 0 0 0 0
 259      23 sde39 0 0 0 0 0 0 0 0 0 0 0
 259      24 sde40 0 0 0 0 0 0 0 0 0 0 0
 259      25 sde41 0 0 0 0 0 0 0 0 0 0 0
   8      80 sdf 4 0 32 0 5 508 4096 20 0 7 20
   8      81 sdf1 0 0 0 0 0 0 0 0 0 0 0
   8      82 sdf2 0 0 0 0 4 508 4096 20 0 7 20
   8      83 sdf3 0 0 0 0 0 0 0 0 0 0 0
   8      84 sdf4 0 0 0 0 0 0 0 0 0 0 0
   8      85 sdf5 0 0 0 0 0 0 0 0 0 0 0
 253       0 dm-0 12724 0 1561832 48370 0 0 0 0 0 6807 48374
 253       1 dm-1 0 0 0 0 0 0 0 0 0 0 0
 253       2 dm-2 3445 0 656656 39680 0 0 0 0 0 1917 39680
 253       3 dm-3 2362 0 536056 10790 0 0 0 0 0 1474 10790
 253       4 dm-4 224 0 48456 324 5 0 136 44 0 137 367
 253       5 dm-5 266312 0 5654712 649394 12167 0 1460840 207294 1 34420 856770
