cpu  10042 3898 8978 133590 2160 991 518 0 0 0
cpu0 1816 1184 1474 14658 325 493 54 0 0 0
cpu1 1570 1111 1606 15176 285 174 104 0 0 0
cpu2 1285 567 1281 16487 78 137 112 0 0 0
cpu3 1167 602 1273 16613 59 111 96 0 0 0
cpu4 793 40 527 18537 156 17 16 0 0 0
cpu5 1354 157 794 17369 376 21 24 0 0 0
cpu6 1254 107 761 17659 268 20 18 0 0 0
cpu7 800 128 1259 17087 609 16 89 0 0 0
intr 1378790 0 0 0 0 198963 0 3157 0 11196 0 0 0 0 200 6409 0 1 0 2 0 2 0 2 0 2 3 0 0 2 1 0 0 1774 1574 0 240 0 0 0 0 0 0 0 0 0 0 0 0 0 1 0 0 0 0 111 0 2 0 0 0 7 0 0 0 0 0 0 0 0 0 0 0 0 0 0 0 0 0 0 0 0 0 0 0 0 0 0 36 0 0 0 3 0 0 0 0 0 0 0 0 0 0 0 0 0 0 0 127059 21234 90 0 0 404 0 0 0 0 0 0 0 11 11 0 5 0 5 0 0 0 0 0 0 0 0 0 0 5 0 5 0 0 0 0 0 0 0 0 0 0 0 0 0 0 0 0 0 0 0 0 0 0 7 292 6 3173 6463 439 0 0 0 0 0 1301 1200 13068 0 0 0 0 0 0 0 0 0 0 0 0 0 0 0 0 0 0 0 0 0 0 0 0 0 0 0 0 0 0 0 0 0 0 0 0 2 0 0 0 2 0 44 0 9 0 0 0 0 0 0 0 0 0 0 0 0 0 0 0 0 0 0 0 0 0 0 0 0 0 0 0 0 0 0 0 0 0 0 0 0 0 0 0 0 0 0 0 0 0 0 0 0 0 0 0 0 0 0 0 0 0 0 0 0 0 0 0 0 0 0 0 0 0 0 0 0 0 0 0 9 0 1 0 2 0 0 0 2 0 0 0 0 0 0 0 0 0 0 0 0 0 0 0 0 0 0 0 0 0 0 0 0 0 0 0 0 0 0 0 0 0 0 0 0 0 0 0 0 0 0 0 0 0 0 0 0 0 0 0 0 0 0 0 0 0 0 0 0 0 0 0 0 0 0 0 0 0 0 0 0 0 0 0 0 0 0 0 0 0 0 0 0 0 0 0 0 0 0 0 0 0 0 0 0 0 0 6 4 19 4 0 0 0 0 0 0 0 0 0 0 0 0 0 0 0 0 0 0 0 0 0 0 0 0 0 0 0 0 0 0 0 0 0 0 0 0 0 0 0 0 0 0 0 0 0 0 0 0 0 0 0 0 0 0 0 0 0 0 0 0 0 0 0 0 0 0 0 0 0 0 0 0 0 0 0 0 0 0 0 0 0 0 15 5287 173 2256 0 420 3318 32 0 4319 1179 216 0 0 0 31 0 1 0 0 4500 0 0 0 0 0 0 0 0 0 0 0 0 0 1 0 1 0 0 1 0 1 0 1 0 1 0 1 0 1 0 0 7 431 2212 0 0 0 18 0 0 0 0 0 0 0 0 0 0 0 0 2 0 0 0 0 0 0 0 16 0 0 0 0 0 0 0 0 0 2 0 0 2 0 0 0 2 0 21 0 0 0 296 908 8647 0 0 0 0 0 0 0 3 0 0 0 0 0 0 0 0 0 0 0 0 0 0 0 0 0 0 0 0 0 0 0 0 3216 0 0
ctxt 2126851
btime 1649244526
processes 7999
procs_running 2
procs_blocked 1
softirq 454450 21321 100458 108 5714 164475 0 20064 71842 0 70468
