cpu  9961 3880 8921 133379 2135 985 515 0 0 0
cpu0 1802 1177 1470 14634 325 491 54 0 0 0
cpu1 1562 1110 1599 15148 284 170 104 0 0 0
cpu2 1277 566 1275 16451 78 137 111 0 0 0
cpu3 1158 601 1268 16579 59 110 96 0 0 0
cpu4 788 39 518 18505 155 16 16 0 0 0
cpu5 1343 155 788 17348 368 21 24 0 0 0
cpu6 1239 105 754 17641 259 20 18 0 0 0
cpu7 790 124 1246 17069 603 16 89 0 0 0
intr 1368799 0 0 0 0 197826 0 3155 0 11060 0 0 0 0 200 6409 0 1 0 2 0 2 0 2 0 2 3 0 0 2 1 0 0 1760 1561 0 238 0 0 0 0 0 0 0 0 0 0 0 0 0 1 0 0 0 0 111 0 2 0 0 0 7 0 0 0 0 0 0 0 0 0 0 0 0 0 0 0 0 0 0 0 0 0 0 0 0 0 0 36 0 0 0 3 0 0 0 0 0 0 0 0 0 0 0 0 0 0 0 125547 21057 78 0 0 404 0 0 0 0 0 0 0 11 11 0 5 0 5 0 0 0 0 0 0 0 0 0 0 5 0 5 0 0 0 0 0 0 0 0 0 0 0 0 0 0 0 0 0 0 0 0 0 0 7 292 6 3156 6419 439 0 0 0 0 0 1298 1192 12997 0 0 0 0 0 0 0 0 0 0 0 0 0 0 0 0 0 0 0 0 0 0 0 0 0 0 0 0 0 0 0 0 0 0 0 0 2 0 0 0 2 0 44 0 9 0 0 0 0 0 0 0 0 0 0 0 0 0 0 0 0 0 0 0 0 0 0 0 0 0 0 0 0 0 0 0 0 0 0 0 0 0 0 0 0 0 0 0 0 0 0 0 0 0 0 0 0 0 0 0 0 0 0 0 0 0 0 0 0 0 0 0 0 0 0 0 0 0 0 0 9 0 1 0 2 0 0 0 2 0 0 0 0 0 0 0 0 0 0 0 0 0 0 0 0 0 0 0 0 0 0 0 0 0 0 0 0 0 0 0 0 0 0 0 0 0 0 0 0 0 0 0 0 0 0 0 0 0 0 0 0 0 0 0 0 0 0 0 0 0 0 0 0 0 0 0 0 0 0 0 0 0 0 0 0 0 0 0 0 0 0 0 0 0 0 0 0 0 0 0 0 0 0 0 0 0 0 6 4 18 4 0 0 0 0 0 0 0 0 0 0 0 0 0 0 0 0 0 0 0 0 0 0 0 0 0 0 0 0 0 0 0 0 0 0 0 0 0 0 0 0 0 0 0 0 0 0 0 0 0 0 0 0 0 0 0 0 0 0 0 0 0 0 0 0 0 0 0 0 0 0 0 0 0 0 0 0 0 0 0 0 0 0 15 5287 173 2256 0 420 3318 32 0 4319 1179 216 0 0 0 31 0 1 0 0 4339 0 0 0 0 0 0 0 0 0 0 0 0 0 1 0 1 0 0 1 0 1 0 1 0 1 0 1 0 1 0 0 6 428 2207 0 0 0 18 0 0 0 0 0 0 0 0 0 0 0 0 2 0 0 0 0 0 0 0 16 0 0 0 0 0 0 0 0 0 2 0 0 2 0 0 0 2 0 21 0 0 0 296 882 8634 0 0 0 0 0 0 0 3 0 0 0 0 0 0 0 0 0 0 0 0 0 0 0 0 0 0 0 0 0 0 0 0 3216 0 0
ctxt 2113344
btime 1649244526
processes 7942
procs_running 2
procs_blocked 0
softirq 450821 21132 99868 108 5686 162702 0 19949 71405 0 69971
