cpu  604118 51400 455763 7421763 37980 68436 30666 0 0 0
cpu0 69126 7823 81723 879100 5654 24726 4429 0 0 0
cpu1 68181 7509 83111 885418 5266 15001 6402 0 0 0
cpu2 57521 4811 79933 903288 1949 10596 8881 0 0 0
cpu3 57902 4761 79453 903184 2001 9220 8221 0 0 0
cpu4 84982 8510 30356 963708 6796 2532 742 0 0 0
cpu5 100466 7601 39414 939599 6847 2871 840 0 0 0
cpu6 96312 6686 37040 947934 6620 2709 770 0 0 0
cpu7 69625 3696 24729 999527 2844 778 379 0 0 0
intr 83942579 0 0 0 0 16653177 0 889622 0 1478342 0 0 0 0 202 6409 0 1 0 2 0 2 0 2 0 2 3 0 0 2 1 0 0 229860 182107 0 12397 0 0 0 0 0 0 0 0 0 0 0 0 0 22 0 0 0 0 4975 0 2 0 0 0 7 0 0 0 0 0 0 0 0 0 0 0 0 0 0 0 0 0 0 0 0 0 0 0 0 0 0 49 0 0 0 3 0 0 0 0 0 0 0 0 0 0 0 0 0 0 0 1094082 1935774 53730 0 0 10133 0 0 0 0 0 0 0 11 11 0 5 0 5 0 0 0 0 0 0 0 0 0 0 5 0 5 0 0 0 0 0 0 0 0 0 0 0 0 0 0 0 0 0 0 0 0 0 0 7 319 6 248688 407308 12532 0 0 0 0 0 112921 110675 1016202 0 0 0 0 0 0 0 0 0 0 0 0 0 0 0 0 0 0 0 0 0 0 0 0 0 0 0 0 0 0 0 0 0 0 0 0 2 0 0 0 6728 0 374 0 276 0 0 0 0 0 0 0 0 0 0 0 0 0 0 0 0 0 0 0 0 0 0 0 0 0 0 0 0 0 0 0 0 0 0 0 0 0 0 0 0 0 0 0 0 0 0 0 0 0 0 0 0 0 0 0 0 0 0 0 0 0 0 0 0 0 0 0 0 0 0 0 0 0 0 0 78 0 1 0 2 0 0 0 3 0 0 0 0 0 0 0 0 0 0 0 0 0 0 0 0 0 0 0 0 0 0 0 0 0 0 0 0 0 0 0 0 0 0 0 0 0 0 0 0 0 0 0 0 0 0 0 0 0 0 0 0 0 0 0 0 0 0 0 0 0 0 0 0 0 0 0 0 0 0 0 0 0 0 0 0 0 0 0 0 0 0 0 0 0 0 0 0 0 0 0 0 0 0 0 0 0 0 6 4 40 4 0 0 0 0 0 0 0 0 0 0 0 0 0 0 0 0 0 0 0 0 0 0 0 0 0 0 0 0 0 0 0 0 0 0 0 0 0 0 0 0 0 0 0 0 0 0 0 0 0 0 0 0 0 0 0 0 0 0 0 0 0 0 0 0 0 0 0 0 0 0 0 0 0 0 0 0 0 0 0 0 0 0 15 73254 534 778 0 15522 3648 25 0 8448 3354 199 0 0 0 243855 0 1 0 0 476650 0 0 0 0 0 0 0 0 0 0 0 0 0 1 0 1 0 0 1 0 1 0 1 0 1 0 1 0 1 0 0 11 53443 58302 0 0 0 2 0 0 0 0 0 0 0 0 0 0 0 0 2 0 0 0 0 0 0 0 16 0 0 0 0 0 0 0 0 0 2 0 0 2 0 0 0 168 0 852 0 0 0 552 146929 1384328 0 0 0 0 0 0 0 1 0 0 0 0 0 0 0 0 0 0 0 0 0 0 0 0 0 0 0 0 0 0 0 0 20365 0 0
ctxt 130285246
btime 1643857604
processes 75018
procs_running 9
procs_blocked 1
softirq 20452924 1988996 5996200 5003 477609 1156306 0 1429404 5130809 0 4268597
