cpu  603820 51348 455443 7420363 37585 68399 30638 0 0 0
cpu0 69103 7811 81678 879001 5558 24699 4414 0 0 0
cpu1 68156 7504 83059 885289 5167 14999 6401 0 0 0
cpu2 57494 4800 79906 903063 1935 10594 8878 0 0 0
cpu3 57874 4757 79382 902992 1987 9217 8219 0 0 0
cpu4 84939 8503 30321 963530 6744 2532 740 0 0 0
cpu5 100414 7594 39375 939429 6792 2870 838 0 0 0
cpu6 96280 6680 37008 947736 6575 2709 768 0 0 0
cpu7 69556 3696 24711 999320 2823 778 378 0 0 0
intr 83893722 0 0 0 0 16646150 0 889549 0 1478138 0 0 0 0 202 6409 0 1 0 2 0 2 0 2 0 2 3 0 0 2 1 0 0 229812 182031 0 12384 0 0 0 0 0 0 0 0 0 0 0 0 0 22 0 0 0 0 4971 0 2 0 0 0 7 0 0 0 0 0 0 0 0 0 0 0 0 0 0 0 0 0 0 0 0 0 0 0 0 0 0 49 0 0 0 3 0 0 0 0 0 0 0 0 0 0 0 0 0 0 0 1083979 1934820 53724 0 0 10129 0 0 0 0 0 0 0 11 11 0 5 0 5 0 0 0 0 0 0 0 0 0 0 5 0 5 0 0 0 0 0 0 0 0 0 0 0 0 0 0 0 0 0 0 0 0 0 0 7 319 6 248593 407160 12529 0 0 0 0 0 112877 110644 1015741 0 0 0 0 0 0 0 0 0 0 0 0 0 0 0 0 0 0 0 0 0 0 0 0 0 0 0 0 0 0 0 0 0 0 0 0 2 0 0 0 6725 0 374 0 276 0 0 0 0 0 0 0 0 0 0 0 0 0 0 0 0 0 0 0 0 0 0 0 0 0 0 0 0 0 0 0 0 0 0 0 0 0 0 0 0 0 0 0 0 0 0 0 0 0 0 0 0 0 0 0 0 0 0 0 0 0 0 0 0 0 0 0 0 0 0 0 0 0 0 0 78 0 1 0 2 0 0 0 3 0 0 0 0 0 0 0 0 0 0 0 0 0 0 0 0 0 0 0 0 0 0 0 0 0 0 0 0 0 0 0 0 0 0 0 0 0 0 0 0 0 0 0 0 0 0 0 0 0 0 0 0 0 0 0 0 0 0 0 0 0 0 0 0 0 0 0 0 0 0 0 0 0 0 0 0 0 0 0 0 0 0 0 0 0 0 0 0 0 0 0 0 0 0 0 0 0 0 6 4 39 4 0 0 0 0 0 0 0 0 0 0 0 0 0 0 0 0 0 0 0 0 0 0 0 0 0 0 0 0 0 0 0 0 0 0 0 0 0 0 0 0 0 0 0 0 0 0 0 0 0 0 0 0 0 0 0 0 0 0 0 0 0 0 0 0 0 0 0 0 0 0 0 0 0 0 0 0 0 0 0 0 0 0 15 73144 534 778 0 15514 3648 25 0 8448 3354 199 0 0 0 243855 0 1 0 0 476591 0 0 0 0 0 0 0 0 0 0 0 0 0 1 0 1 0 0 1 0 1 0 1 0 1 0 1 0 1 0 0 11 53422 58296 0 0 0 2 0 0 0 0 0 0 0 0 0 0 0 0 2 0 0 0 0 0 0 0 16 0 0 0 0 0 0 0 0 0 2 0 0 2 0 0 0 168 0 852 0 0 0 552 146929 1384220 0 0 0 0 0 0 0 1 0 0 0 0 0 0 0 0 0 0 0 0 0 0 0 0 0 0 0 0 0 0 0 0 20364 0 0
ctxt 130219211
btime 1643857604
processes 74812
procs_running 1
procs_blocked 0
softirq 20433012 1988036 5993523 5002 477439 1145198 0 1428799 5128491 0 4266524
