cpu  45108 4845 27375 365044 3670 3484 1440 0 0 0
cpu0 3722 1438 4849 44421 466 1193 173 0 0 0
cpu1 3879 1184 4747 45156 434 617 264 0 0 0
cpu2 3202 629 4625 46719 103 540 265 0 0 0
cpu3 3228 606 4627 46455 112 541 450 0 0 0
cpu4 8625 182 2107 44632 646 179 88 0 0 0
cpu5 9511 307 2337 43403 767 166 73 0 0 0
cpu6 9630 289 2288 43273 862 166 78 0 0 0
cpu7 3308 205 1791 50982 276 79 46 0 0 0
intr 6773440 0 0 0 0 1045573 0 5283 0 85481 0 0 0 0 202 6409 0 1 0 2 0 2 0 2 0 2 3 0 0 2 1 0 0 3775 4158 0 788 0 0 0 0 0 0 0 0 0 0 0 0 0 1 0 0 0 0 136 0 2 0 0 0 7 0 0 0 0 0 0 0 0 0 0 0 0 0 0 0 0 0 0 0 0 0 0 0 0 0 0 22 0 0 0 0 0 0 0 0 0 0 0 0 0 0 0 0 0 0 0 140175 103293 255 0 0 227 0 0 0 0 0 0 0 11 11 0 5 0 5 0 0 0 0 0 0 0 0 0 0 5 0 5 0 0 0 0 0 0 0 0 0 0 0 0 0 0 0 0 0 0 0 0 0 0 7 295 6 3912 13701 871 0 0 0 0 0 1699 1388 19090 0 0 0 0 0 0 0 0 0 0 0 0 0 0 0 0 0 0 0 0 0 0 0 0 0 0 0 0 0 0 0 0 0 0 0 0 2 0 0 0 78 0 45 0 30 0 0 0 0 0 0 0 0 0 0 0 0 0 0 0 0 0 0 0 0 0 0 0 0 0 0 0 0 0 0 0 0 0 0 0 0 0 0 0 0 0 0 0 0 0 0 0 0 0 0 0 0 0 0 0 0 0 0 0 0 0 0 0 0 0 0 0 0 0 0 0 0 0 0 0 8 0 1 0 2 0 0 0 2 0 0 0 0 0 0 0 0 0 0 0 0 0 0 0 0 0 0 0 0 0 0 0 0 0 0 0 0 0 0 0 0 0 0 0 0 0 0 0 0 0 0 0 0 0 0 0 0 0 0 0 0 0 0 0 0 0 0 0 0 0 0 0 0 0 0 0 0 0 0 0 0 0 0 0 0 0 0 0 0 0 0 0 0 0 0 0 0 0 0 0 0 0 0 0 0 0 0 6 3 25 4 0 0 0 0 0 0 0 0 0 0 0 0 0 0 0 0 0 0 0 0 0 0 0 0 0 0 0 0 0 0 0 0 0 0 0 0 0 0 0 0 0 0 0 0 0 0 0 0 0 0 0 0 0 0 0 0 0 0 0 0 0 0 0 0 0 0 0 0 0 0 0 0 0 0 0 0 0 0 0 0 0 0 15 7718 170 787 0 1350 3324 28 0 4453 1205 201 0 0 0 31 0 1 0 0 47793 0 0 0 0 0 0 0 0 0 0 0 0 0 1 0 1 0 0 1 0 1 0 1 0 1 0 1 0 1 0 0 8 810 9119 0 0 0 24 0 0 0 0 0 0 0 0 0 0 0 0 2 0 0 0 0 0 0 0 17 0 0 0 0 0 0 0 0 0 2 0 0 2 0 0 0 8 0 52 0 0 0 293 846 38886 0 0 0 0 0 0 0 1 0 0 0 0 0 0 0 0 0 0 0 0 0 0 0 0 0 0 0 0 0 0 0 0 3349 0 0
ctxt 11115417
btime 1646649552
processes 8951
procs_running 3
procs_blocked 0
softirq 1241086 103540 351909 291 7054 157701 0 33599 313523 0 273469
