cpu  45259 4862 27484 365492 3696 3492 1444 0 0 0
cpu0 3736 1441 4862 44483 466 1195 173 0 0 0
cpu1 3888 1186 4761 45223 434 618 264 0 0 0
cpu2 3221 631 4639 46778 103 541 266 0 0 0
cpu3 3243 607 4635 46519 113 545 451 0 0 0
cpu4 8652 183 2119 44672 661 179 89 0 0 0
cpu5 9531 310 2356 43454 771 166 73 0 0 0
cpu6 9652 293 2306 43323 864 166 79 0 0 0
cpu7 3333 206 1802 51036 281 79 46 0 0 0
intr 6788812 0 0 0 0 1047262 0 5287 0 85722 0 0 0 0 202 6409 0 1 0 2 0 2 0 2 0 2 3 0 0 2 1 0 0 3799 4176 0 791 0 0 0 0 0 0 0 0 0 0 0 0 0 1 0 0 0 0 136 0 2 0 0 0 7 0 0 0 0 0 0 0 0 0 0 0 0 0 0 0 0 0 0 0 0 0 0 0 0 0 0 22 0 0 0 0 0 0 0 0 0 0 0 0 0 0 0 0 0 0 0 141601 103592 258 0 0 229 0 0 0 0 0 0 0 11 11 0 5 0 5 0 0 0 0 0 0 0 0 0 0 5 0 5 0 0 0 0 0 0 0 0 0 0 0 0 0 0 0 0 0 0 0 0 0 0 7 295 6 3972 13761 871 0 0 0 0 0 1735 1404 19274 0 0 0 0 0 0 0 0 0 0 0 0 0 0 0 0 0 0 0 0 0 0 0 0 0 0 0 0 0 0 0 0 0 0 0 0 2 0 0 0 78 0 45 0 30 0 0 0 0 0 0 0 0 0 0 0 0 0 0 0 0 0 0 0 0 0 0 0 0 0 0 0 0 0 0 0 0 0 0 0 0 0 0 0 0 0 0 0 0 0 0 0 0 0 0 0 0 0 0 0 0 0 0 0 0 0 0 0 0 0 0 0 0 0 0 0 0 0 0 0 8 0 1 0 2 0 0 0 2 0 0 0 0 0 0 0 0 0 0 0 0 0 0 0 0 0 0 0 0 0 0 0 0 0 0 0 0 0 0 0 0 0 0 0 0 0 0 0 0 0 0 0 0 0 0 0 0 0 0 0 0 0 0 0 0 0 0 0 0 0 0 0 0 0 0 0 0 0 0 0 0 0 0 0 0 0 0 0 0 0 0 0 0 0 0 0 0 0 0 0 0 0 0 0 0 0 0 6 3 25 4 0 0 0 0 0 0 0 0 0 0 0 0 0 0 0 0 0 0 0 0 0 0 0 0 0 0 0 0 0 0 0 0 0 0 0 0 0 0 0 0 0 0 0 0 0 0 0 0 0 0 0 0 0 0 0 0 0 0 0 0 0 0 0 0 0 0 0 0 0 0 0 0 0 0 0 0 0 0 0 0 0 0 15 7718 170 787 0 1350 3324 28 0 4453 1205 201 0 0 0 31 0 1 0 0 47998 0 0 0 0 0 0 0 0 0 0 0 0 0 1 0 1 0 0 1 0 1 0 1 0 1 0 1 0 1 0 0 8 814 9125 0 0 0 24 0 0 0 0 0 0 0 0 0 0 0 0 2 0 0 0 0 0 0 0 17 0 0 0 0 0 0 0 0 0 2 0 0 2 0 0 0 8 0 52 0 0 0 293 846 38900 0 0 0 0 0 0 0 1 0 0 0 0 0 0 0 0 0 0 0 0 0 0 0 0 0 0 0 0 0 0 0 0 3349 0 0
ctxt 11142008
btime 1646649552
processes 9166
procs_running 2
procs_blocked 0
softirq 1246153 103843 352981 292 7166 159247 0 33837 314402 0 274385
