   1       0 ram0 0 0 0 0 0 0 0 0 0 0 0
   1       1 ram1 0 0 0 0 0 0 0 0 0 0 0
   1       2 ram2 0 0 0 0 0 0 0 0 0 0 0
   1       3 ram3 0 0 0 0 0 0 0 0 0 0 0
   1       4 ram4 0 0 0 0 0 0 0 0 0 0 0
   1       5 ram5 0 0 0 0 0 0 0 0 0 0 0
   1       6 ram6 0 0 0 0 0 0 0 0 0 0 0
   1       7 ram7 0 0 0 0 0 0 0 0 0 0 0
   1       8 ram8 0 0 0 0 0 0 0 0 0 0 0
   1       9 ram9 0 0 0 0 0 0 0 0 0 0 0
   1      10 ram10 0 0 0 0 0 0 0 0 0 0 0
   1      11 ram11 0 0 0 0 0 0 0 0 0 0 0
   1      12 ram12 0 0 0 0 0 0 0 0 0 0 0
   1      13 ram13 0 0 0 0 0 0 0 0 0 0 0
   1      14 ram14 0 0 0 0 0 0 0 0 0 0 0
   1      15 ram15 0 0 0 0 0 0 0 0 0 0 0
   7       0 loop0 88 5 8592 84 0 0 0 0 0 17 24
   7       1 loop1 13 0 304 10 0 0 0 0 0 4 4
   7       2 loop2 779 15 103400 1380 0 0 0 0 0 327 394
   7       3 loop3 339 27 32168 1104 0 0 0 0 0 187 284
   7       4 loop4 8 0 88 4 0 0 0 0 0 0 0
   7       5 loop5 110 1 10424 480 0 0 0 0 0 77 90
   7       6 loop6 29 0 3152 17 0 0 0 0 0 0 0
   7       7 loop7 34 0 1640 10 0 0 0 0 0 4 4
   7       8 loop8 75 0 9864 47 0 0 0 0 0 7 10
   7       9 loop9 0 0 0 0 0 0 0 0 0 0 0
   7      10 loop10 0 0 0 0 0 0 0 0 0 0 0
   7      11 loop11 0 0 0 0 0 0 0 0 0 0 0
   7      12 loop12 0 0 0 0 0 0 0 0 0 0 0
   7      13 loop13 0 0 0 0 0 0 0 0 0 0 0
   7      14 loop14 0 0 0 0 0 0 0 0 0 0 0
   7      15 loop15 0 0 0 0 0 0 0 0 0 0 0
 254       0 zram0 46 0 368 0 1 0 8 0 0 0 0
   8       0 sda 154100 2990 3726600 166697 47695 542797 5494144 570870 0 99960 737257
   8       1 sda1 0 0 0 0 0 0 0 0 0 0 0
   8       2 sda2 24 0 232 7 5 12 136 57 0 20 64
   8       3 sda3 0 0 0 0 0 0 0 0 0 0 0
   8       4 sda4 0 0 0 0 0 0 0 0 0 0 0
   8       5 sda5 0 0 0 0 0 0 0 0 0 0 0
   8       6 sda6 0 0 0 0 0 0 0 0 0 0 0
   8       7 sda7 0 0 0 0 0 0 0 0 0 0 0
   8       8 sda8 0 0 0 0 0 0 0 0 0 0 0
   8       9 sda9 0 0 0 0 0 0 0 0 0 0 0
   8      10 sda10 0 0 0 0 0 0 0 0 0 0 0
   8      11 sda11 10 0 104 4 3 0 24 30 0 20 34
   8      12 sda12 2 0 136 4 0 0 0 0 0 4 4
   8      13 sda13 0 0 0 0 0 0 0 0 0 0 0
   8      14 sda14 5625 351 738704 5267 5 0 136 57 0 3210 5310
   8      15 sda15 148434 2639 2987384 161414 46501 542785 5493848 570017 0 98207 731140
   8      16 sdb 4 0 32 4 0 0 0 0 0 4 4
   8      17 sdb1 0 0 0 0 0 0 0 0 0 0 0
   8      18 sdb2 0 0 0 0 0 0 0 0 0 0 0
   8      32 sdc 4 0 32 0 0 0 0 0 0 0 0
   8      33 sdc1 0 0 0 0 0 0 0 0 0 0 0
   8      34 sdc2 0 0 0 0 0 0 0 0 0 0 0
   8      80 sdf 4 0 32 4 55 5588 45056 460 0 167 450
   8      81 sdf1 0 0 0 0 0 0 0 0 0 0 0
   8      82 sdf2 0 0 0 0 20 2540 20480 160 0 60 150
   8      83 sdf3 0 0 0 0 24 3048 24576 287 0 90 284
   8      84 sdf4 0 0 0 0 0 0 0 0 0 0 0
   8      85 sdf5 0 0 0 0 0 0 0 0 0 0 0
   8      64 sde 6 0 168 0 0 0 0 0 0 0 0
   8      65 sde1 0 0 0 0 0 0 0 0 0 0 0
   8      66 sde2 0 0 0 0 0 0 0 0 0 0 0
   8      67 sde3 0 0 0 0 0 0 0 0 0 0 0
   8      68 sde4 0 0 0 0 0 0 0 0 0 0 0
   8      69 sde5 0 0 0 0 0 0 0 0 0 0 0
   8      70 sde6 0 0 0 0 0 0 0 0 0 0 0
   8      71 sde7 0 0 0 0 0 0 0 0 0 0 0
   8      72 sde8 0 0 0 0 0 0 0 0 0 0 0
   8      73 sde9 0 0 0 0 0 0 0 0 0 0 0
   8      74 sde10 1 0 128 0 0 0 0 0 0 0 0
   8      75 sde11 0 0 0 0 0 0 0 0 0 0 0
   8      76 sde12 0 0 0 0 0 0 0 0 0 0 0
   8      77 sde13 0 0 0 0 0 0 0 0 0 0 0
   8      78 sde14 0 0 0 0 0 0 0 0 0 0 0
   8      79 sde15 0 0 0 0 0 0 0 0 0 0 0
 259       0 sde16 0 0 0 0 0 0 0 0 0 0 0
 259       1 sde17 0 0 0 0 0 0 0 0 0 0 0
 259       2 sde18 0 0 0 0 0 0 0 0 0 0 0
 259       3 sde19 0 0 0 0 0 0 0 0 0 0 0
 259       4 sde20 0 0 0 0 0 0 0 0 0 0 0
 259       5 sde21 0 0 0 0 0 0 0 0 0 0 0
 259       6 sde22 0 0 0 0 0 0 0 0 0 0 0
 259       7 sde23 0 0 0 0 0 0 0 0 0 0 0
 259       8 sde24 0 0 0 0 0 0 0 0 0 0 0
 259       9 sde25 0 0 0 0 0 0 0 0 0 0 0
 259      10 sde26 0 0 0 0 0 0 0 0 0 0 0
 259      11 sde27 0 0 0 0 0 0 0 0 0 0 0
 259      12 sde28 0 0 0 0 0 0 0 0 0 0 0
 259      13 sde29 0 0 0 0 0 0 0 0 0 0 0
 259      14 sde30 0 0 0 0 0 0 0 0 0 0 0
 259      15 sde31 0 0 0 0 0 0 0 0 0 0 0
 259      16 sde32 0 0 0 0 0 0 0 0 0 0 0
 259      17 sde33 0 0 0 0 0 0 0 0 0 0 0
 259      18 sde34 0 0 0 0 0 0 0 0 0 0 0
 259      19 sde35 0 0 0 0 0 0 0 0 0 0 0
 259      20 sde36 0 0 0 0 0 0 0 0 0 0 0
 259      21 sde37 0 0 0 0 0 0 0 0 0 0 0
 259      22 sde38 0 0 0 0 0 0 0 0 0 0 0
 259      23 sde39 0 0 0 0 0 0 0 0 0 0 0
 259      24 sde40 0 0 0 0 0 0 0 0 0 0 0
 259      25 sde41 0 0 0 0 0 0 0 0 0 0 0
   8      48 sdd 5 0 40 0 0 0 0 0 0 0 0
   8      49 sdd1 0 0 0 0 0 0 0 0 0 0 0
   8      50 sdd2 0 0 0 0 0 0 0 0 0 0 0
   8      51 sdd3 0 0 0 0 0 0 0 0 0 0 0
 253       0 dm-0 12820 0 1575424 45094 0 0 0 0 0 5120 45097
 253       1 dm-1 0 0 0 0 0 0 0 0 0 0 0
 253       2 dm-2 3422 0 656312 19324 0 0 0 0 0 1967 19324
 253       3 dm-3 1987 0 416032 9114 0 0 0 0 0 954 9114
 253       4 dm-4 228 0 48488 290 5 0 136 57 0 134 347
 253       5 dm-5 161665 0 3277328 198880 589527 0 5505352 30324900 0 101627 30524017
