cpu  9431 8436 8052 76422 1707 592 418 0 0 0
cpu0 2151 2489 1517 6476 291 177 65 0 0 0
cpu1 1792 2688 1613 6477 245 197 122 0 0 0
cpu2 1436 985 1253 8985 262 94 65 0 0 0
cpu3 1566 922 1267 8907 235 69 85 0 0 0
cpu4 347 253 386 12056 88 10 17 0 0 0
cpu5 936 414 775 10777 229 17 23 0 0 0
cpu6 862 422 839 10715 287 17 25 0 0 0
cpu7 339 261 399 12025 66 9 13 0 0 0
intr 1028757 0 0 0 0 151989 0 3272 0 5645 0 0 0 0 202 6409 0 1 0 2 0 2 0 2 0 2 3 0 0 2 1 0 0 998 1038 0 277 0 0 0 0 0 0 0 0 0 0 0 0 0 0 0 0 0 0 58 0 2 2 0 0 7 0 0 0 0 0 0 0 0 0 0 0 0 0 0 0 0 0 0 0 0 0 0 0 0 0 0 23 0 0 0 0 0 0 0 0 0 0 0 0 0 0 0 0 0 0 0 81071 14495 15 0 0 175 0 0 0 0 0 0 0 11 11 0 5 0 5 0 0 0 0 0 0 0 0 0 0 5 0 5 0 0 0 0 0 0 0 0 0 0 0 0 0 0 0 0 0 0 0 0 0 0 7 297 6 3171 4861 422 0 0 0 0 0 941 1614 10567 0 0 0 0 0 0 0 0 0 0 0 0 0 0 0 0 0 0 0 0 0 0 0 0 0 0 0 0 0 0 0 0 0 0 0 0 2 0 0 0 68 0 49 0 12 0 0 0 0 0 0 0 0 0 0 0 0 0 0 0 0 0 0 0 0 0 0 0 0 0 0 0 0 0 0 0 0 0 0 0 0 0 0 0 0 0 0 0 0 0 0 0 0 0 0 0 0 0 0 0 0 0 0 0 0 0 0 0 0 0 0 0 0 0 0 0 0 0 0 0 37 0 1 0 2 0 0 0 2 0 0 0 0 0 0 0 0 0 0 0 0 0 0 0 0 0 0 0 0 0 0 0 0 0 0 0 0 0 0 0 0 0 0 0 0 0 0 0 0 0 0 0 0 0 0 0 0 0 0 0 0 0 0 0 0 0 0 0 0 0 0 0 0 0 0 0 0 0 0 0 0 0 0 0 0 0 0 0 0 0 0 0 0 0 0 0 0 0 0 0 0 0 0 0 0 0 0 6 4 16 4 0 0 0 0 0 0 0 0 0 0 0 0 0 0 0 0 0 0 0 0 0 0 0 0 0 0 0 0 0 0 0 0 0 0 0 0 0 0 0 0 0 0 0 0 0 0 0 0 0 0 0 0 0 0 0 0 0 0 0 0 0 0 0 0 0 0 0 0 0 0 0 0 0 0 0 0 0 0 0 0 0 0 15 4314 338 2007 0 743 3378 30 0 4526 922 205 0 0 0 31 0 1 0 0 1038 0 0 0 0 0 0 0 0 0 0 0 0 0 1 0 1 0 0 1 0 1 0 1 0 1 0 1 0 1 0 0 6 296 1174 0 0 0 2 0 0 0 0 0 0 0 0 0 0 0 0 2 0 0 0 0 0 0 0 16 0 0 0 0 0 0 0 0 0 2 0 0 2 0 0 0 1 0 17 0 0 0 304 656 6773 0 0 0 0 0 0 0 2 0 0 0 0 0 0 0 0 0 0 0 0 0 0 0 0 0 0 0 0 0 0 0 0 3225 0 0
ctxt 1741013
btime 1652343244
processes 7870
procs_running 1
procs_blocked 0
softirq 357573 14506 101203 87 5761 82532 0 15941 62146 0 75397
