cpu  9499 8452 8102 76596 1719 595 419 0 0 0
cpu0 2160 2498 1523 6492 291 177 65 0 0 0
cpu1 1801 2694 1620 6497 245 197 122 0 0 0
cpu2 1442 985 1258 9012 263 96 65 0 0 0
cpu3 1572 922 1277 8932 235 69 85 0 0 0
cpu4 354 253 391 12078 93 10 17 0 0 0
cpu5 948 414 780 10800 230 17 23 0 0 0
cpu6 871 422 846 10735 290 17 26 0 0 0
cpu7 348 261 403 12048 69 9 13 0 0 0
intr 1034635 0 0 0 0 152753 0 3273 0 5743 0 0 0 0 202 6409 0 1 0 2 0 2 0 2 0 2 3 0 0 2 1 0 0 1015 1053 0 279 0 0 0 0 0 0 0 0 0 0 0 0 0 0 0 0 0 0 58 0 2 2 0 0 7 0 0 0 0 0 0 0 0 0 0 0 0 0 0 0 0 0 0 0 0 0 0 0 0 0 0 23 0 0 0 0 0 0 0 0 0 0 0 0 0 0 0 0 0 0 0 81529 14656 21 0 0 177 0 0 0 0 0 0 0 11 11 0 5 0 5 0 0 0 0 0 0 0 0 0 0 5 0 5 0 0 0 0 0 0 0 0 0 0 0 0 0 0 0 0 0 0 0 0 0 0 7 297 6 3182 4881 426 0 0 0 0 0 942 1620 10599 0 0 0 0 0 0 0 0 0 0 0 0 0 0 0 0 0 0 0 0 0 0 0 0 0 0 0 0 0 0 0 0 0 0 0 0 2 0 0 0 68 0 49 0 12 0 0 0 0 0 0 0 0 0 0 0 0 0 0 0 0 0 0 0 0 0 0 0 0 0 0 0 0 0 0 0 0 0 0 0 0 0 0 0 0 0 0 0 0 0 0 0 0 0 0 0 0 0 0 0 0 0 0 0 0 0 0 0 0 0 0 0 0 0 0 0 0 0 0 0 37 0 1 0 2 0 0 0 2 0 0 0 0 0 0 0 0 0 0 0 0 0 0 0 0 0 0 0 0 0 0 0 0 0 0 0 0 0 0 0 0 0 0 0 0 0 0 0 0 0 0 0 0 0 0 0 0 0 0 0 0 0 0 0 0 0 0 0 0 0 0 0 0 0 0 0 0 0 0 0 0 0 0 0 0 0 0 0 0 0 0 0 0 0 0 0 0 0 0 0 0 0 0 0 0 0 0 6 4 16 4 0 0 0 0 0 0 0 0 0 0 0 0 0 0 0 0 0 0 0 0 0 0 0 0 0 0 0 0 0 0 0 0 0 0 0 0 0 0 0 0 0 0 0 0 0 0 0 0 0 0 0 0 0 0 0 0 0 0 0 0 0 0 0 0 0 0 0 0 0 0 0 0 0 0 0 0 0 0 0 0 0 0 15 4314 338 2007 0 743 3378 30 0 4526 922 205 0 0 0 31 0 1 0 0 1073 0 0 0 0 0 0 0 0 0 0 0 0 0 1 0 1 0 0 1 0 1 0 1 0 1 0 1 0 1 0 0 6 303 1180 0 0 0 2 0 0 0 0 0 0 0 0 0 0 0 0 2 0 0 0 0 0 0 0 16 0 0 0 0 0 0 0 0 0 2 0 0 2 0 0 0 1 0 17 0 0 0 304 656 6778 0 0 0 0 0 0 0 2 0 0 0 0 0 0 0 0 0 0 0 0 0 0 0 0 0 0 0 0 0 0 0 0 3226 0 0
ctxt 1753684
btime 1652343244
processes 7939
procs_running 6
procs_blocked 0
softirq 359571 14673 101704 87 5779 83009 0 15997 62501 0 75821
