   1       0 ram0 0 0 0 0 0 0 0 0 0 0 0
   1       1 ram1 0 0 0 0 0 0 0 0 0 0 0
   1       2 ram2 0 0 0 0 0 0 0 0 0 0 0
   1       3 ram3 0 0 0 0 0 0 0 0 0 0 0
   1       4 ram4 0 0 0 0 0 0 0 0 0 0 0
   1       5 ram5 0 0 0 0 0 0 0 0 0 0 0
   1       6 ram6 0 0 0 0 0 0 0 0 0 0 0
   1       7 ram7 0 0 0 0 0 0 0 0 0 0 0
   1       8 ram8 0 0 0 0 0 0 0 0 0 0 0
   1       9 ram9 0 0 0 0 0 0 0 0 0 0 0
   1      10 ram10 0 0 0 0 0 0 0 0 0 0 0
   1      11 ram11 0 0 0 0 0 0 0 0 0 0 0
   1      12 ram12 0 0 0 0 0 0 0 0 0 0 0
   1      13 ram13 0 0 0 0 0 0 0 0 0 0 0
   1      14 ram14 0 0 0 0 0 0 0 0 0 0 0
   1      15 ram15 0 0 0 0 0 0 0 0 0 0 0
   7       0 loop0 468 5 26584 1074 0 0 0 0 0 237 734
   7       1 loop1 22 0 576 10 0 0 0 0 0 4 4
   7       2 loop2 13078 79 727264 20644 0 0 0 0 0 4467 12040
   7       3 loop3 2135 272 250104 3027 0 0 0 0 0 504 884
   7       4 loop4 8 0 88 0 0 0 0 0 0 0 0
   7       5 loop5 370 1 45152 737 0 0 0 0 0 74 117
   7       6 loop6 348 0 29536 890 0 0 0 0 0 204 414
   7       7 loop7 136 0 9448 170 0 0 0 0 0 34 60
   7       8 loop8 1016 0 83408 1740 0 0 0 0 0 390 967
   7       9 loop9 0 0 0 0 0 0 0 0 0 0 0
   7      10 loop10 0 0 0 0 0 0 0 0 0 0 0
   7      11 loop11 0 0 0 0 0 0 0 0 0 0 0
   7      12 loop12 0 0 0 0 0 0 0 0 0 0 0
   7      13 loop13 0 0 0 0 0 0 0 0 0 0 0
   7      14 loop14 0 0 0 0 0 0 0 0 0 0 0
   7      15 loop15 0 0 0 0 0 0 0 0 0 0 0
 254       0 zram0 46 0 368 0 1 0 8 0 0 0 0
   8      16 sdb 4 0 32 0 0 0 0 0 0 0 0
   8      17 sdb1 0 0 0 0 0 0 0 0 0 0 0
   8      18 sdb2 0 0 0 0 0 0 0 0 0 0 0
   8       0 sda 394774 21354 29796528 715790 116370 5211 8414808 716427 0 287910 1430244
   8       1 sda1 0 0 0 0 0 0 0 0 0 0 0
   8       2 sda2 125 0 1040 54 5 12 136 4 0 44 57
   8       3 sda3 0 0 0 0 0 0 0 0 0 0 0
   8       4 sda4 0 0 0 0 0 0 0 0 0 0 0
   8       5 sda5 0 0 0 0 0 0 0 0 0 0 0
   8       6 sda6 0 0 0 0 0 0 0 0 0 0 0
   8       7 sda7 0 0 0 0 0 0 0 0 0 0 0
   8       8 sda8 0 0 0 0 0 0 0 0 0 0 0
   8       9 sda9 0 0 0 0 0 0 0 0 0 0 0
   8      10 sda10 0 0 0 0 0 0 0 0 0 0 0
   8      11 sda11 10 0 104 0 3 0 24 4 0 4 4
   8      12 sda12 2 0 136 0 0 0 0 0 0 0 0
   8      13 sda13 0 0 0 0 0 0 0 0 0 0 0
   8      14 sda14 137748 14413 14429712 400947 4 0 120 30 0 51194 399750
   8      15 sda15 256884 6941 15365496 314790 108635 5199 8414528 712150 0 243877 1026304
   8      32 sdc 4 0 32 0 0 0 0 0 0 0 0
   8      33 sdc1 0 0 0 0 0 0 0 0 0 0 0
   8      34 sdc2 0 0 0 0 0 0 0 0 0 0 0
   8      48 sdd 5 0 40 0 0 0 0 0 0 0 0
   8      49 sdd1 0 0 0 0 0 0 0 0 0 0 0
   8      50 sdd2 0 0 0 0 0 0 0 0 0 0 0
   8      51 sdd3 0 0 0 0 0 0 0 0 0 0 0
   8      64 sde 6 0 168 4 0 0 0 0 0 4 4
   8      65 sde1 0 0 0 0 0 0 0 0 0 0 0
   8      66 sde2 0 0 0 0 0 0 0 0 0 0 0
   8      67 sde3 0 0 0 0 0 0 0 0 0 0 0
   8      68 sde4 0 0 0 0 0 0 0 0 0 0 0
   8      69 sde5 0 0 0 0 0 0 0 0 0 0 0
   8      70 sde6 0 0 0 0 0 0 0 0 0 0 0
   8      71 sde7 0 0 0 0 0 0 0 0 0 0 0
   8      72 sde8 0 0 0 0 0 0 0 0 0 0 0
   8      73 sde9 0 0 0 0 0 0 0 0 0 0 0
   8      74 sde10 1 0 128 0 0 0 0 0 0 0 0
   8      75 sde11 0 0 0 0 0 0 0 0 0 0 0
   8      76 sde12 0 0 0 0 0 0 0 0 0 0 0
   8      77 sde13 0 0 0 0 0 0 0 0 0 0 0
   8      78 sde14 0 0 0 0 0 0 0 0 0 0 0
   8      79 sde15 0 0 0 0 0 0 0 0 0 0 0
 259       0 sde16 0 0 0 0 0 0 0 0 0 0 0
 259       1 sde17 0 0 0 0 0 0 0 0 0 0 0
 259       2 sde18 0 0 0 0 0 0 0 0 0 0 0
 259       3 sde19 0 0 0 0 0 0 0 0 0 0 0
 259       4 sde20 0 0 0 0 0 0 0 0 0 0 0
 259       5 sde21 0 0 0 0 0 0 0 0 0 0 0
 259       6 sde22 0 0 0 0 0 0 0 0 0 0 0
 259       7 sde23 0 0 0 0 0 0 0 0 0 0 0
 259       8 sde24 0 0 0 0 0 0 0 0 0 0 0
 259       9 sde25 0 0 0 0 0 0 0 0 0 0 0
 259      10 sde26 0 0 0 0 0 0 0 0 0 0 0
 259      11 sde27 0 0 0 0 0 0 0 0 0 0 0
 259      12 sde28 0 0 0 0 0 0 0 0 0 0 0
 259      13 sde29 0 0 0 0 0 0 0 0 0 0 0
 259      14 sde30 0 0 0 0 0 0 0 0 0 0 0
 259      15 sde31 0 0 0 0 0 0 0 0 0 0 0
 259      16 sde32 0 0 0 0 0 0 0 0 0 0 0
 259      17 sde33 0 0 0 0 0 0 0 0 0 0 0
 259      18 sde34 0 0 0 0 0 0 0 0 0 0 0
 259      19 sde35 0 0 0 0 0 0 0 0 0 0 0
 259      20 sde36 0 0 0 0 0 0 0 0 0 0 0
 259      21 sde37 0 0 0 0 0 0 0 0 0 0 0
 259      22 sde38 0 0 0 0 0 0 0 0 0 0 0
 259      23 sde39 0 0 0 0 0 0 0 0 0 0 0
 259      24 sde40 0 0 0 0 0 0 0 0 0 0 0
 259      25 sde41 0 0 0 0 0 0 0 0 0 0 0
   8      80 sdf 4 0 32 0 30 3048 24576 387 0 127 387
   8      81 sdf1 0 0 0 0 0 0 0 0 0 0 0
   8      82 sdf2 0 0 0 0 12 1524 12288 164 0 54 164
   8      83 sdf3 0 0 0 0 12 1524 12288 220 0 70 220
   8      84 sdf4 0 0 0 0 0 0 0 0 0 0 0
   8      85 sdf5 0 0 0 0 0 0 0 0 0 0 0
 253       0 dm-0 124996 0 9719232 384420 0 0 0 0 0 40930 384544
 253       1 dm-1 0 0 0 0 0 0 0 0 0 0 0
 253       2 dm-2 24564 0 4391528 99700 0 0 0 0 0 11737 99727
 253       3 dm-3 11960 0 2246168 47730 0 0 0 0 0 6467 47740
 253       4 dm-4 276 0 49048 180 4 0 120 30 0 164 210
 253       5 dm-5 274085 0 15657584 341820 113174 0 8427808 703134 0 249927 1045357
  43       0 nbd0 505666 64 4046040 4403277 31568 853598 7085563 45247240 0 585670 10664637
  43      32 nbd1 0 0 0 0 0 0 0 0 0 0 0
  43      64 nbd2 0 0 0 0 0 0 0 0 0 0 0
  43      96 nbd3 0 0 0 0 0 0 0 0 0 0 0
  43     128 nbd4 0 0 0 0 0 0 0 0 0 0 0
  43     160 nbd5 0 0 0 0 0 0 0 0 0 0 0
  43     192 nbd6 0 0 0 0 0 0 0 0 0 0 0
  43     224 nbd7 0 0 0 0 0 0 0 0 0 0 0
  43     256 nbd8 0 0 0 0 0 0 0 0 0 0 0
  43     288 nbd9 0 0 0 0 0 0 0 0 0 0 0
  43     320 nbd10 0 0 0 0 0 0 0 0 0 0 0
  43     352 nbd11 0 0 0 0 0 0 0 0 0 0 0
  43     384 nbd12 0 0 0 0 0 0 0 0 0 0 0
  43     416 nbd13 0 0 0 0 0 0 0 0 0 0 0
  43     448 nbd14 0 0 0 0 0 0 0 0 0 0 0
  43     480 nbd15 0 0 0 0 0 0 0 0 0 0 0
