cpu  578649 66259 550124 7887771 210607 74951 47578 0 0 0
cpu0 78582 7669 106830 914145 25084 29177 5927 0 0 0
cpu1 76825 7531 108803 920560 25520 16086 10221 0 0 0
cpu2 67563 5592 99670 943003 17515 10556 15780 0 0 0
cpu3 67480 5687 99590 941387 18335 12371 13761 0 0 0
cpu4 75852 11885 32793 1024387 42202 2012 528 0 0 0
cpu5 74043 11181 36707 1026445 39322 2148 538 0 0 0
cpu6 67391 10566 33716 1048214 28920 1900 487 0 0 0
cpu7 70910 6145 32011 1069626 13706 696 334 0 0 0
intr 87263134 0 0 0 0 17602185 0 900423 0 1643649 0 0 0 0 202 97871 0 32 0 2 0 10766 0 2 0 2 215 0 0 25 1 0 0 184298 137828 0 13657 0 0 0 0 0 0 0 0 0 0 0 0 0 19 0 0 0 0 7427 0 2 0 0 0 15 0 0 0 0 0 0 0 0 0 0 0 0 0 0 0 0 0 0 0 0 0 0 0 0 0 0 1964 0 0 0 108 0 0 0 0 0 0 0 0 0 0 0 0 0 0 0 462330 1856166 39411 0 0 12982 0 0 0 0 0 0 0 11 11 0 5 0 5 0 0 0 0 0 0 0 0 0 0 5 0 5 0 0 0 0 0 0 0 0 0 0 0 0 0 0 0 0 0 0 0 0 0 0 7 348 6 1500639 502313 14459 0 0 0 0 0 59698 768211 3970025 0 0 0 0 0 0 0 0 0 0 0 0 0 0 0 0 0 0 0 0 0 0 0 0 0 0 0 0 0 0 0 0 0 0 0 0 2 0 0 0 84 0 1281 0 590 0 0 0 0 0 0 0 0 0 0 0 0 0 0 0 0 0 0 0 0 0 0 0 0 0 0 0 0 0 0 0 0 0 0 0 0 0 0 0 0 0 0 0 0 0 0 0 0 0 0 0 0 0 0 0 0 0 0 0 0 0 0 0 0 0 0 0 0 0 0 0 0 0 0 0 453 0 1 0 2 0 0 0 6 0 0 0 0 0 0 0 0 0 0 0 0 0 0 0 0 0 0 0 0 0 0 0 0 0 0 0 0 0 0 0 0 0 0 0 0 0 0 0 0 0 0 0 0 0 0 0 0 0 0 0 0 0 0 0 0 0 0 0 0 0 0 0 0 0 0 0 0 0 0 0 0 0 0 0 0 0 0 0 0 0 0 0 0 0 0 0 0 0 0 0 0 0 0 0 0 0 0 6 4 628 4 0 0 0 0 0 0 0 0 0 0 0 0 0 0 0 0 0 0 0 0 0 0 0 0 0 0 0 0 0 0 0 0 0 0 0 0 0 0 0 0 0 0 0 0 0 0 0 0 0 0 0 0 0 0 0 0 0 0 0 0 0 0 0 0 0 0 0 0 0 0 0 0 0 0 0 0 0 0 0 0 0 0 15 131483 2756 781 0 1312 8714 26 0 525953 2463 543 0 0 0 214828 0 1 0 0 471163 0 0 0 0 0 0 0 0 0 0 0 0 0 1 0 1 0 0 1 0 1 0 1 0 1 0 1 0 1 0 0 307 67476 70297 0 0 0 446 0 0 0 0 0 0 0 0 0 0 0 0 2 0 0 0 0 0 0 0 16 0 0 0 0 0 0 0 0 0 2 0 0 2 0 0 0 182 0 922 0 0 0 841 96959 1510642 0 0 0 0 15 15 0 19 0 0 0 0 0 0 0 0 0 0 0 0 0 0 0 0 0 0 0 0 0 0 0 0 26316 0 0
ctxt 133508268
btime 1636510476
processes 89188
procs_running 2
procs_blocked 2
softirq 25612976 1894840 6432943 5433 2330136 457304 0 4492891 5512050 0 4487379
