cpu  578593 66247 550063 7887303 210458 74944 47562 0 0 0
cpu0 78568 7668 106823 914096 25069 29174 5920 0 0 0
cpu1 76814 7528 108794 920535 25475 16085 10220 0 0 0
cpu2 67560 5592 99659 942923 17514 10556 15779 0 0 0
cpu3 67473 5687 99584 941313 18334 12370 13753 0 0 0
cpu4 75847 11885 32783 1024315 42191 2012 528 0 0 0
cpu5 74037 11178 36701 1026377 39309 2148 538 0 0 0
cpu6 67384 10561 33710 1048141 28915 1900 487 0 0 0
cpu7 70906 6145 32004 1069600 13647 696 334 0 0 0
intr 87245322 0 0 0 0 17600448 0 900416 0 1643411 0 0 0 0 202 97871 0 32 0 2 0 10766 0 2 0 2 215 0 0 25 1 0 0 184275 137808 0 13656 0 0 0 0 0 0 0 0 0 0 0 0 0 19 0 0 0 0 7427 0 2 0 0 0 15 0 0 0 0 0 0 0 0 0 0 0 0 0 0 0 0 0 0 0 0 0 0 0 0 0 0 1964 0 0 0 108 0 0 0 0 0 0 0 0 0 0 0 0 0 0 0 462250 1855927 39411 0 0 12980 0 0 0 0 0 0 0 11 11 0 5 0 5 0 0 0 0 0 0 0 0 0 0 5 0 5 0 0 0 0 0 0 0 0 0 0 0 0 0 0 0 0 0 0 0 0 0 0 7 348 6 1499009 502244 14459 0 0 0 0 0 59692 767259 3966297 0 0 0 0 0 0 0 0 0 0 0 0 0 0 0 0 0 0 0 0 0 0 0 0 0 0 0 0 0 0 0 0 0 0 0 0 2 0 0 0 84 0 1281 0 590 0 0 0 0 0 0 0 0 0 0 0 0 0 0 0 0 0 0 0 0 0 0 0 0 0 0 0 0 0 0 0 0 0 0 0 0 0 0 0 0 0 0 0 0 0 0 0 0 0 0 0 0 0 0 0 0 0 0 0 0 0 0 0 0 0 0 0 0 0 0 0 0 0 0 0 453 0 1 0 2 0 0 0 6 0 0 0 0 0 0 0 0 0 0 0 0 0 0 0 0 0 0 0 0 0 0 0 0 0 0 0 0 0 0 0 0 0 0 0 0 0 0 0 0 0 0 0 0 0 0 0 0 0 0 0 0 0 0 0 0 0 0 0 0 0 0 0 0 0 0 0 0 0 0 0 0 0 0 0 0 0 0 0 0 0 0 0 0 0 0 0 0 0 0 0 0 0 0 0 0 0 0 6 4 628 4 0 0 0 0 0 0 0 0 0 0 0 0 0 0 0 0 0 0 0 0 0 0 0 0 0 0 0 0 0 0 0 0 0 0 0 0 0 0 0 0 0 0 0 0 0 0 0 0 0 0 0 0 0 0 0 0 0 0 0 0 0 0 0 0 0 0 0 0 0 0 0 0 0 0 0 0 0 0 0 0 0 0 15 131483 2756 781 0 1312 8714 26 0 525953 2463 543 0 0 0 214828 0 1 0 0 470874 0 0 0 0 0 0 0 0 0 0 0 0 0 1 0 1 0 0 1 0 1 0 1 0 1 0 1 0 1 0 0 307 67471 70291 0 0 0 446 0 0 0 0 0 0 0 0 0 0 0 0 2 0 0 0 0 0 0 0 16 0 0 0 0 0 0 0 0 0 2 0 0 2 0 0 0 182 0 922 0 0 0 841 96959 1510631 0 0 0 0 15 15 0 19 0 0 0 0 0 0 0 0 0 0 0 0 0 0 0 0 0 0 0 0 0 0 0 0 26316 0 0
ctxt 133481855
btime 1636510476
processes 89175
procs_running 1
procs_blocked 0
softirq 25604514 1894601 6432288 5432 2327569 457209 0 4489094 5511459 0 4486862
