555 0
556 0
561 0
574 0
601 225
603 125
605 35
606 0
769 0
783 100
784 0
785 0
794 3
795 0
797 68
806 0
807 0
812 0
813 66
815 62
816 0
817 0
820 0
824 0
831 19
834 18
836 7
838 16
840 77
842 8
854 14
860 14
867 0
876 54
879 63
890 30
892 35
895 44
901 22
913 2
946 27
957 0
958 0
975 130
1774 763
1876 51
1921 50
1937 162
2021 51
2072 1645
2256 21
2296 53
2433 71
2460 49
2484 48
2514 50
2551 52
2744 32
2782 49
2933 47
3160 50
3185 50
3429 55
4028 48
4136 52
4598 38
5004 50
5428 49
5490 0
5677 157
5781 47
6044 6228
6204 46
6278 50
