cpu  18631 2368 10458 142763 1553 1489 667 0 0 0
cpu0 2111 665 1855 16246 334 600 88 0 0 0
cpu1 2260 585 1913 16581 257 248 82 0 0 0
cpu2 1761 320 1734 17525 106 203 151 0 0 0
cpu3 1738 318 1643 17524 60 198 251 0 0 0
cpu4 570 34 445 21419 135 15 11 0 0 0
cpu5 4586 200 1084 16334 269 105 35 0 0 0
cpu6 4944 211 1203 15880 275 106 37 0 0 0
cpu7 657 33 576 21250 113 9 8 0 0 0
intr 1697592 0 0 0 0 353123 0 17502 0 40863 0 0 0 0 202 6409 0 1 0 2 0 2 0 2 0 2 3 0 0 2 1 0 0 3795 4689 0 326 0 0 0 0 0 0 0 0 0 0 0 0 0 1 0 0 0 0 88 0 2 0 0 0 7 0 0 0 0 0 0 0 0 0 0 0 0 0 0 0 0 0 0 0 0 0 0 0 0 0 0 22 0 0 0 0 0 0 0 0 0 0 0 0 0 0 0 0 0 0 0 61566 54684 135 0 0 146 0 0 0 0 0 0 0 11 11 0 5 0 5 0 0 0 0 0 0 0 0 0 0 5 0 5 0 0 0 0 0 0 0 0 0 0 0 0 0 0 0 0 0 0 0 0 0 0 7 284 6 1637 6133 588 0 0 0 0 0 596 736 9910 0 0 0 0 0 0 0 0 0 0 0 0 0 0 0 0 0 0 0 0 0 0 0 0 0 0 0 0 0 0 0 0 0 0 0 0 2 0 0 0 325 0 54 0 18 0 0 0 0 0 0 0 0 0 0 0 0 0 0 0 0 0 0 0 0 0 0 0 0 0 0 0 0 0 0 0 0 0 0 0 0 0 0 0 0 0 0 0 0 0 0 0 0 0 0 0 0 0 0 0 0 0 0 0 0 0 0 0 0 0 0 0 0 0 0 0 0 0 0 0 8 0 1 0 2 0 0 0 0 0 0 0 0 0 0 0 0 0 0 0 0 0 0 0 0 0 0 0 0 0 0 0 0 0 0 0 0 0 0 0 0 0 0 0 0 0 0 0 0 0 0 0 0 0 0 0 0 0 0 0 0 0 0 0 0 0 0 0 0 0 0 0 0 0 0 0 0 0 0 0 0 0 0 0 0 0 0 0 0 0 0 0 0 0 0 0 0 0 0 0 0 0 0 0 0 0 0 6 4 17 4 0 0 0 0 0 0 0 0 0 0 0 0 0 0 0 0 0 0 0 0 0 0 0 0 0 0 0 0 0 0 0 0 0 0 0 0 0 0 0 0 0 0 0 0 0 0 0 0 0 0 0 0 0 0 0 0 0 0 0 0 0 0 0 0 0 0 0 0 0 0 0 0 0 0 0 0 0 0 0 0 0 0 15 4947 126 776 0 1805 3365 30 0 4392 914 205 0 0 0 187 0 1 0 0 11827 0 0 0 0 0 0 0 0 0 0 0 0 0 1 0 1 0 0 1 0 1 0 1 0 1 0 1 0 1 0 0 6 324 459 0 0 0 10 0 0 0 0 0 0 0 0 0 0 0 0 2 0 0 0 0 0 0 0 16 0 0 0 0 0 0 0 0 0 2 0 0 2 0 0 0 3 0 26 0 0 0 309 11012 8192 0 0 0 0 0 0 0 1 0 0 0 0 0 0 0 0 0 0 0 0 0 0 0 0 0 0 0 0 0 0 0 0 3150 0 0
ctxt 2596520
btime 1644558904
processes 6675
procs_running 2
procs_blocked 0
softirq 522015 54814 144197 130 3000 65481 0 16734 125758 0 111901
