cpu  18582 2363 10413 142632 1551 1486 666 0 0 0
cpu0 2106 665 1849 16230 334 600 88 0 0 0
cpu1 2254 585 1905 16565 257 248 82 0 0 0
cpu2 1756 317 1730 17510 106 203 151 0 0 0
cpu3 1735 318 1639 17501 60 198 251 0 0 0
cpu4 566 34 442 21399 134 15 11 0 0 0
cpu5 4578 198 1077 16322 268 105 35 0 0 0
cpu6 4933 211 1199 15867 275 106 37 0 0 0
cpu7 651 33 568 21235 112 9 8 0 0 0
intr 1692708 0 0 0 0 352474 0 17500 0 40785 0 0 0 0 202 6409 0 1 0 2 0 2 0 2 0 2 3 0 0 2 1 0 0 3786 4684 0 325 0 0 0 0 0 0 0 0 0 0 0 0 0 1 0 0 0 0 88 0 2 0 0 0 7 0 0 0 0 0 0 0 0 0 0 0 0 0 0 0 0 0 0 0 0 0 0 0 0 0 0 22 0 0 0 0 0 0 0 0 0 0 0 0 0 0 0 0 0 0 0 61447 54584 135 0 0 146 0 0 0 0 0 0 0 11 11 0 5 0 5 0 0 0 0 0 0 0 0 0 0 5 0 5 0 0 0 0 0 0 0 0 0 0 0 0 0 0 0 0 0 0 0 0 0 0 7 284 6 1636 6099 588 0 0 0 0 0 596 736 9877 0 0 0 0 0 0 0 0 0 0 0 0 0 0 0 0 0 0 0 0 0 0 0 0 0 0 0 0 0 0 0 0 0 0 0 0 2 0 0 0 325 0 54 0 18 0 0 0 0 0 0 0 0 0 0 0 0 0 0 0 0 0 0 0 0 0 0 0 0 0 0 0 0 0 0 0 0 0 0 0 0 0 0 0 0 0 0 0 0 0 0 0 0 0 0 0 0 0 0 0 0 0 0 0 0 0 0 0 0 0 0 0 0 0 0 0 0 0 0 0 8 0 1 0 2 0 0 0 0 0 0 0 0 0 0 0 0 0 0 0 0 0 0 0 0 0 0 0 0 0 0 0 0 0 0 0 0 0 0 0 0 0 0 0 0 0 0 0 0 0 0 0 0 0 0 0 0 0 0 0 0 0 0 0 0 0 0 0 0 0 0 0 0 0 0 0 0 0 0 0 0 0 0 0 0 0 0 0 0 0 0 0 0 0 0 0 0 0 0 0 0 0 0 0 0 0 0 6 4 17 4 0 0 0 0 0 0 0 0 0 0 0 0 0 0 0 0 0 0 0 0 0 0 0 0 0 0 0 0 0 0 0 0 0 0 0 0 0 0 0 0 0 0 0 0 0 0 0 0 0 0 0 0 0 0 0 0 0 0 0 0 0 0 0 0 0 0 0 0 0 0 0 0 0 0 0 0 0 0 0 0 0 0 15 4947 126 776 0 1805 3365 30 0 4392 914 205 0 0 0 187 0 1 0 0 11744 0 0 0 0 0 0 0 0 0 0 0 0 0 1 0 1 0 0 1 0 1 0 1 0 1 0 1 0 1 0 0 6 323 453 0 0 0 10 0 0 0 0 0 0 0 0 0 0 0 0 2 0 0 0 0 0 0 0 16 0 0 0 0 0 0 0 0 0 2 0 0 2 0 0 0 3 0 26 0 0 0 309 10996 8188 0 0 0 0 0 0 0 1 0 0 0 0 0 0 0 0 0 0 0 0 0 0 0 0 0 0 0 0 0 0 0 0 3150 0 0
ctxt 2587183
btime 1644558904
processes 6585
procs_running 1
procs_blocked 0
softirq 520772 54714 143835 130 2999 65360 0 16669 125470 0 111595
